0.079776
0.133183
-0.476256
-0.058602
-0.062163
0.521119
0.544390
-0.095615
-0.310180
-0.097685
0.245297
-0.432374
-0.401695
-0.079107
0.164929
0.288473
0.229838
-0.346092
0.024077
0.064647
-0.486761
0.094655
0.099506
0.228349
0.051150
-0.010508
0.026940
-0.144227
0.323712
-0.289296
0.148647
-0.229005
0.006643
-0.038892
-0.319039
0.095317
0.144325
-0.044724
0.272562
0.347047
-0.416649
-0.118374
0.207635
0.359042
0.220023
-0.182026
-0.261749
0.278308
-0.065400
-0.221034
0.318707
-0.155023
-0.109485
0.267361
-0.220437
0.411153
-0.173478
-0.272226
-0.163417
-0.258444
-0.226471
-0.022567
0.265424
0.095178
-0.354493
0.226483
-0.329041
0.279733
0.274281
0.111241
0.350442
-0.196282
0.178341
-0.360732
-0.176433
-0.131695
-0.128506
0.135918
0.258840
-0.232150
-0.246507
-0.228996
0.351020
0.187971
-0.177828
-0.149762
0.180913
0.103643
0.276243
-0.033019
0.203034
-0.304546
0.160247
-0.211806
-0.002827
0.385458
0.236211
-0.177107
0.154941
0.214027
0.088075
0.211839
-0.075716
-0.062001
-0.323270
0.123408
0.019501
-0.315103
0.379911
-0.027101
-0.193049
0.194086
0.129534
-0.114934
0.501776
-0.243087
0.134752
0.348389
-0.017999
-0.325599
0.132289
0.303200
-0.460881
-0.345798
-0.098371
0.333174
0.650146
0.066773
-0.026691
0.122200
-0.338002
-0.340566
-0.516757
0.359132
0.079040
-0.014072
-0.294250
0.044838
0.191623
-0.045160
0.246400
-0.151501
-0.112594
0.036447
-0.053262
0.104060
-0.038621
-0.440394
0.212085
0.221484
-0.535861
-0.385548
0.026129
0.116116
0.054164
0.081903
-0.529099
0.139755
-0.199646
0.310034
-0.039445
-0.016030
0.179256
0.115166
0.034081
0.207416
0.136804
-0.165477
-0.186150
-0.291650
-0.263120
-0.011939
-0.410772
-0.146397
0.057198
0.443284
-0.002964
0.047720
0.221574
0.042090
-0.145043
0.239928
0.211705
-0.283669
-0.236880
0.088379
-0.325957
-0.288398
0.084086
0.250782
-0.114277
-0.329601
-0.241979
0.120145
0.086184
-0.017288
0.257727
-0.400283
-0.171954
0.155083
0.035844
-0.158877
0.365588
0.046486
-0.439501
-0.096588
-0.210793
-0.341140
-0.052289
-0.315554
-0.354182
-0.008941
0.117095
-0.151748
0.272714
0.050428
0.159125
0.234655
-0.167767
-0.028782
0.328384
-0.235049
0.446117
0.067672
0.286286
-0.015094
-0.327786
0.284083
-0.468167
0.311500
0.377050
-0.137223
-0.055711
0.133941
-0.363023
-0.185490
0.191161
-0.375875
-0.129836
0.392466
-0.305962
-0.349134
-0.338519
-0.036532
0.409891
-0.128841
0.352917
0.242235
0.107137
-0.106472
-0.068094
0.481314
0.149076
-0.235486
0.536933
-0.225189
-0.367201
0.006142
-0.283733
-0.115587
0.075013
0.309613
-0.373528
-0.321292
0.057631
0.328199
0.345642
-0.033941
0.160804
0.118831
0.170767
0.126879
-0.214537
-0.124747
0.124943
0.042217
-0.178424
-0.238268
-0.325836
0.388596
0.121842
-0.316774
0.448863
0.065729
-0.056080
-0.175001
0.089255
-0.520599
0.011791
-0.064090
0.451251
0.176291
0.260162
-0.390660
0.446626
-0.113517
0.252105
-0.215848
-0.172939
0.123932
0.368398
0.164536
-0.284803
0.065867
-0.236330
-0.206804
-0.514748
0.287656
-0.090263
0.107247
-0.207837
0.345154
0.655811
-0.067836
-0.150514
-0.045701
-0.395538
-0.116326
-0.468745
0.168690
0.219029
0.194632
-0.162358
-0.381472
-0.163263
0.466917
0.054376
-0.118068
-0.353358
-0.258164
0.261347
-0.439773
0.374313
-0.173998
-0.214561
-0.094401
0.154453
0.116921
-0.327200
0.080194
0.125146
-0.025445
0.161248
-0.276826
-0.317057
-0.325165
0.004973
-0.121263
0.334648
-0.181458
-0.277072
0.319825
-0.363013
-0.372556
0.145229
0.062937
0.283106
-0.041728
0.149997
0.228378
0.341323
-0.015906
-0.128247
-0.308011
-0.076126
-0.258843
-0.095108
0.392261
-0.331812
-0.077319
0.130391
0.220802
-0.152627
0.092272
0.399553
0.077438
0.326536
-0.119181
-0.242903
-0.068527
-0.028750
-0.294472
-0.015343
0.257307
-0.388550
-0.195825
0.400802
-0.337308
0.299260
-0.226315
0.370465
-0.392335
0.366089
0.143899
-0.116948
0.334840
0.405541
-0.321271
0.197820
-0.066417
-0.027050
0.092240
-0.287085
0.247522
0.344320
-0.117628
0.046959
0.094072
0.292586
0.227683
-0.104136
-0.130995
-0.142678
0.123183
-0.041303
-0.324021
-0.015781
0.237930
-0.383969
0.306610
0.144831
-0.423751
-0.053214
-0.232098
0.319983
-0.343354
0.412773
-0.367179
-0.102494
0.414263
0.156517
0.083655
-0.557177
-0.102696
0.035790
-0.098191
-0.143165
0.053321
0.489391
0.020674
-0.386632
0.357000
-0.217334
0.263293
0.085772
0.160093
-0.343270
0.329258
0.358475
-0.123962
-0.186167
0.092333
-0.559169
0.182700
-0.011735
0.191764
-0.561780
0.147768
-0.082684
0.053243
-0.080994
-0.078590
-0.115971
-0.401750
0.373638
0.003426
0.131259
-0.345871
0.199011
0.021113
-0.123962
0.090952
-0.280533
0.090612
-0.172681
-0.316505
0.207184
-0.172309
0.096294
0.296803
0.217893
-0.241198
0.023472
0.341493
-0.409305
-0.188872
-0.095314
-0.361506
0.232019
-0.274996
0.362172
-0.359481
-0.243267
0.039785
-0.454134
0.358832
-0.356239
0.131423
-0.016052
0.120282
0.571769
-0.136686
0.341546
-0.366693
-0.120780
-0.350268
0.323667
-0.379617
0.324044
-0.156369
-0.311916
0.369702
-0.138987
0.015305
0.107715
0.310893
0.364585
-0.204369
-0.246479
0.156973
-0.238972
0.475837
0.238714
-0.368055
0.298751
-0.282923
0.025322
-0.034773
0.156136
-0.029268
-0.335251
0.167423
-0.213080
-0.132564
-0.372315
0.186395
-0.052388
0.220075
-0.298621
0.348585
0.121299
-0.330888
-0.021425
-0.260583
0.190364
0.390733
0.268636
0.152034
-0.025990
0.264724
-0.022112
-0.094340
-0.428583
0.019540
-0.321740
-0.165969
0.143855
0.106627
0.170226
0.301344
-0.354480
0.110974
-0.221799
-0.186499
-0.030053
-0.045896
0.425763
-0.103738
0.232208
-0.368247
-0.389496
-0.474804
0.161716
-0.165919
0.249365
0.392610
0.184255
0.102725
0.117445
0.246447
-0.067190
-0.209024
0.122896
-0.316783
-0.293744
-0.210251
0.401264
0.051138
0.258324
0.049903
-0.215870
0.064197
0.097938
-0.240526
-0.157092
-0.545359
0.022390
0.236656
0.295746
0.353383
0.006341
0.305146
0.045782
-0.160278
0.430623
0.042819
0.227215
-0.264432
0.159644
0.064435
0.085313
-0.278956
-0.093986
-0.394206
0.058136
-0.336689
0.260841
0.233549
0.349807
0.034394
0.047584
-0.299664
0.309748
0.043073
0.338674
-0.121462
0.099540
-0.377444
0.173411
0.284745
-0.259978
-0.458087
-0.211326
0.271774
-0.377968
0.382103
0.017816
-0.205038
-0.198212
-0.231400
-0.121765
-0.050642
0.009909
0.020213
-0.239744
-0.126827
0.369961
-0.353748
0.250144
-0.174226
0.485862
0.461834
0.296892
-0.212909
-0.077947
-0.433980
-0.155240
0.001836
0.270344
-0.205980
0.078305
0.337206
-0.395242
0.037456
-0.203485
0.085506
0.310572
0.028828
0.173348
-0.360670
-0.551997
-0.324807
-0.000929
0.430363
-0.037517
0.232013
-0.288412
0.319084
0.309619
0.198048
0.042398
0.293681
0.041368
-0.035587
-0.168058
-0.421052
0.002019
0.174307
-0.281200
-0.278255
0.398731
0.102651
-0.025244
-0.333397
-0.146556
0.005300
0.675153
0.189549
0.219084
0.051970
-0.314111
0.196050
0.255669
0.284922
0.167888
-0.268828
0.181441
-0.349582
-0.137241
0.262680
-0.110749
0.356479
0.084797
-0.288452
-0.114064
-0.311302
0.061791
0.373039
0.135536
0.333420
0.018002
-0.513128
-0.317370
-0.025524
-0.265023
0.443158
-0.000158
0.027395
-0.115825
-0.005791
0.256915
-0.297039
0.352465
0.212288
0.370297
-0.533824
-0.009217
0.138702
0.258301
0.061399
-0.254698
-0.046034
-0.210631
-0.337161
0.253267
0.154987
0.128748
-0.158695
-0.372905
0.226957
-0.464109
0.160127
-0.102456
0.419976
-0.215450
0.387273
-0.206488
-0.497102
0.102887
0.085571
-0.066396
0.247197
-0.119731
0.215779
-0.181153
-0.441199
0.041389
-0.318621
0.097608
0.333958
0.114641
-0.148694
-0.093049
0.369204
-0.082092
-0.366735
0.216517
0.474450
-0.008232
-0.010569
0.240261
0.101773
0.133470
-0.436828
0.093281
0.139450
-0.303238
-0.364767
0.418977
-0.289384
0.269210
-0.081538
0.100118
-0.523365
0.468018
-0.398079
-0.494094
-0.135845
-0.164201
0.224715
-0.288784
0.389091
0.140295
0.424385
-0.283438
-0.127667
0.179428
0.012972
-0.199792
-0.384793
-0.365284
0.101030
0.120288
0.261112
-0.189471
0.180828
-0.415367
-0.348575
0.360538
0.066503
-0.346981
0.347584
0.325835
-0.234532
-0.133706
0.226056
0.127388
0.196189
0.282177
-0.185714
0.193052
-0.057105
-0.379478
-0.207221
-0.055089
-0.025234
0.271619
-0.283305
-0.258170
0.311074
