0.052118
-0.081747
-0.075436
-0.018424
-0.015441
0.008339
0.116284
-0.021189
-0.064621
-0.030754
-0.017455
0.061587
-0.003821
-0.051785
-0.104049
0.117793
0.088394
0.036033
0.082932
-0.106956
0.088294
0.055047
0.064204
-0.037312
-0.115980
0.073800
0.017336
-0.027476
-0.060573
-0.062348
0.012968
0.165968
-0.013674
0.075915
-0.075136
0.004608
0.009329
-0.058420
-0.013660
0.011384
-0.158622
-0.011372
-0.114370
-0.140541
0.032471
0.076164
-0.072433
-0.094236
-0.064884
0.002060
-0.145509
0.074481
0.001627
0.047119
0.054924
-0.056670
0.013749
0.016340
-0.084915
-0.055430
-0.101093
-0.083022
-0.106956
0.040075
-0.071432
-0.037633
-0.035680
0.041492
0.072749
-0.069791
0.043085
0.035627
0.003830
-0.150293
0.027465
0.092187
-0.041280
0.012391
-0.070079
-0.081544
0.071966
-0.038138
0.074631
-0.052402
