-0.003750
0.168804
-0.047847
-0.106504
-0.196071
0.025385
-0.319075
-0.026541
-0.089450
0.133197
0.110581
-0.084452
0.100039
-0.078496
-0.011094
-0.049036
0.101182
-0.271653
0.197281
-0.002196
-0.004053
0.087383
0.134963
-0.106012
-0.127916
-0.099779
0.159141
0.053311
0.059980
0.159622
0.115205
0.007162
-0.041086
0.269784
0.038786
-0.052472
0.086245
0.206574
0.204256
0.028923
-0.176526
0.021409
-0.023844
-0.140734
-0.016823
-0.023820
-0.005394
0.053727
-0.246509
-0.195968
0.209107
-0.026612
-0.090966
-0.021206
-0.026397
-0.088114
0.138211
0.023972
-0.064355
-0.048898
-0.052686
-0.191761
-0.144709
-0.009969
0.141336
0.014991
0.129497
-0.350257
-0.130254
0.008860
0.069987
-0.245177
0.063658
0.125000
0.107952
0.126125
0.052324
-0.157945
0.013664
0.105316
0.204438
-0.067162
0.082233
-0.146156
0.091163
0.045856
0.146429
0.222414
-0.163148
0.019078
-0.077430
-0.057942
-0.175328
0.167123
0.139220
-0.349513
0.113769
0.199625
0.329503
-0.107156
-0.067936
0.214298
0.113682
0.149522
0.056613
0.087324
-0.149502
0.307807
-0.047708
-0.238286
0.286910
-0.063409
-0.029837
0.010900
-0.051463
-0.022200
-0.227664
-0.018427
-0.058594
0.204141
-0.027449
-0.054521
-0.092903
0.053446
0.214145
0.038221
-0.039873
0.361712
0.005689
-0.012012
0.029680
0.194802
-0.019099
-0.096895
0.142692
0.182310
-0.033809
-0.039375
0.082433
0.229884
-0.030473
-0.241319
0.326580
-0.002440
-0.020420
0.051137
0.177736
0.118867
0.138309
-0.256869
0.220462
0.136006
0.066370
0.114568
0.221154
-0.047665
-0.094340
-0.034623
-0.032929
0.106415
0.300571
-0.139422
0.112757
-0.040759
0.055873
0.208092
-0.195380
0.237568
0.163602
-0.041136
0.116561
0.095757
-0.166905
0.160827
-0.257539
-0.182598
-0.000115
-0.012708
0.202411
-0.105116
0.168380
0.148005
0.221758
-0.237603
0.088857
-0.030165
-0.087637
0.121364
0.012661
-0.293664
-0.273360
-0.059924
0.103179
0.035776
0.127975
0.016301
0.046247
0.094471
0.077557
-0.125238
-0.057394
0.010481
0.230720
0.048481
0.184771
0.076645
-0.178912
0.194130
-0.010372
0.231200
-0.082417
0.148560
-0.106814
0.150677
0.085552
0.183043
0.075828
-0.001143
-0.047047
0.150975
-0.214488
-0.160549
0.037497
0.170186
0.230172
-0.228206
-0.010915
0.045469
0.169284
-0.001577
0.043935
-0.180768
0.240184
-0.033961
0.310094
-0.085264
-0.218929
-0.016495
0.097897
-0.229313
-0.095338
-0.178926
0.071006
0.100491
-0.083767
0.034769
0.024416
-0.088105
-0.038152
0.040975
-0.046603
0.107225
0.177032
-0.043535
0.027392
-0.023150
0.045551
0.059624
-0.211322
0.073731
0.136619
0.207643
-0.055118
0.077835
0.338685
-0.237470
-0.108519
0.043868
0.045954
-0.042350
-0.066017
0.268157
0.060343
-0.045071
-0.053442
0.063435
0.025178
0.130282
-0.024298
0.081607
0.207135
0.160863
-0.219204
0.186463
-0.065621
0.267925
-0.074782
0.049533
0.115691
0.117188
-0.119568
0.032171
0.053119
-0.030594
0.050936
-0.012488
-0.163180
-0.234101
0.101380
0.091496
-0.101947
-0.023106
0.228650
0.093436
-0.057905
0.014867
-0.020047
-0.107612
0.104726
0.145535
0.095109
-0.183212
0.142138
-0.028222
0.128899
0.075316
0.015219
-0.218523
0.059252
-0.258242
0.125221
-0.163766
-0.217043
-0.124827
-0.025153
0.063053
0.174257
-0.085759
-0.145674
-0.040585
0.190064
0.197896
0.169729
-0.176043
0.068347
0.165965
-0.113163
0.000231
0.080003
-0.111791
0.131696
0.222685
-0.187950
0.264254
0.109079
-0.132942
0.168611
0.028468
-0.006806
-0.318692
0.074751
0.210998
0.090862
-0.098223
0.100786
-0.224907
0.116813
0.049082
0.136309
0.085350
-0.026717
0.171645
0.070911
0.077614
0.095040
0.056551
0.378226
0.008777
-0.126103
0.298468
0.026893
-0.007931
0.158163
0.144690
-0.062988
-0.074400
-0.138793
-0.118371
-0.282210
0.059553
-0.216854
-0.009359
0.161555
-0.050186
-0.075742
0.106899
0.094070
0.142536
-0.104532
-0.210235
0.163215
-0.095913
-0.055219
0.161254
-0.137417
-0.020491
-0.138908
0.026025
-0.071666
-0.142792
0.166453
0.230512
0.155044
-0.016773
-0.079363
-0.111490
0.049392
-0.052206
0.192943
0.009274
0.134425
-0.175146
0.027529
-0.026616
-0.015982
0.247120
-0.055145
0.001665
-0.145592
-0.028455
-0.061597
0.015385
-0.065186
0.075116
-0.031936
0.002290
0.102876
0.294031
0.021617
0.045292
0.168624
-0.198075
-0.061146
-0.105953
0.025034
0.101457
0.248149
0.091847
0.045390
-0.235736
0.182865
0.061045
-0.249626
-0.093636
0.006763
-0.202301
-0.135792
-0.279964
0.243006
-0.019957
0.002019
-0.239046
0.045430
0.032444
-0.037724
0.030484
-0.048916
0.044999
0.310668
0.213415
-0.005271
-0.226951
0.026736
-0.005056
-0.032069
-0.262653
0.055700
0.003203
0.246937
-0.106412
0.240585
-0.091439
0.144194
-0.156847
0.101011
-0.017570
0.122498
0.185643
0.162347
0.048508
-0.078086
0.116725
0.051356
-0.085167
0.083401
0.100695
-0.140751
-0.014801
-0.091746
0.214534
-0.060944
-0.020642
0.142916
0.248664
-0.329801
-0.063837
-0.049718
-0.088490
0.224840
0.012959
0.087361
0.012360
0.058583
-0.376118
-0.162760
-0.052592
0.126552
-0.057541
-0.067011
0.070579
0.033249
0.136836
0.061823
-0.066890
0.047035
-0.138668
-0.155250
-0.141935
-0.039631
0.093333
-0.015177
-0.132506
0.023421
-0.034395
-0.003610
-0.101052
0.229496
0.197289
-0.232277
-0.253013
-0.226678
0.230780
0.079435
-0.122128
0.212053
0.190247
0.033778
0.218320
-0.164951
-0.082973
0.141609
-0.235138
0.087713
0.232192
-0.084489
0.144010
-0.247714
-0.185684
-0.162893
0.160097
-0.298466
-0.017916
-0.199570
0.150626
-0.039901
-0.217435
-0.211265
0.067066
0.032801
-0.070963
-0.076543
-0.079175
0.001148
0.092300
-0.106190
-0.342179
-0.038171
0.055598
-0.146483
-0.014117
-0.202469
-0.216860
0.092974
0.014641
-0.076789
0.052481
-0.033463
-0.097220
-0.077384
-0.203853
-0.050286
0.167123
-0.335410
-0.051349
0.166467
0.060524
-0.223629
-0.186644
0.130410
-0.283077
0.161264
-0.048366
0.181846
-0.076070
0.140263
-0.045690
0.182277
0.109209
0.055755
-0.330473
-0.073494
0.001668
0.195135
0.111161
-0.228948
-0.297136
0.024277
0.153974
0.331144
-0.280181
0.185633
0.250062
-0.091527
-0.246330
-0.430803
-0.156382
0.031618
-0.141290
0.181556
-0.015656
0.147578
0.074812
0.127094
-0.340548
-0.057561
-0.025944
-0.029143
0.092289
-0.181636
0.155882
-0.034356
-0.206012
0.109704
-0.162532
-0.179287
0.036380
0.093233
0.264713
0.203673
-0.037685
-0.263617
0.218967
-0.162541
0.220663
-0.071968
-0.208548
0.259052
0.013156
-0.272641
0.067532
-0.020859
0.158895
-0.118739
0.086994
0.042540
-0.004353
0.180628
-0.024050
-0.082029
0.139033
0.055493
0.207804
-0.163297
0.088157
0.114065
0.180178
-0.056646
-0.127214
0.021309
-0.009979
0.142815
-0.259184
0.104567
0.266193
-0.342089
0.372885
-0.020562
-0.036615
-0.066860
0.039939
-0.130323
0.360052
0.098111
-0.032952
0.314859
0.096470
0.233305
0.091694
-0.301437
0.144408
0.156622
0.104235
-0.025056
-0.035459
0.079533
0.089557
-0.042596
-0.033469
-0.071054
0.055457
0.034949
0.140310
-0.083384
-0.238108
0.303902
0.017771
-0.133445
0.110519
0.037225
0.036930
-0.047540
-0.224869
0.047609
0.081034
0.166996
0.006142
-0.208853
0.050197
0.024387
0.081943
-0.156741
0.061253
0.060040
0.077074
-0.249742
0.297879
0.439252
0.342929
-0.199753
0.148426
-0.070845
0.063896
-0.224437
-0.089796
-0.147741
-0.040399
-0.163505
-0.149699
-0.087633
-0.016899
-0.043119
0.325010
-0.178418
0.121382
0.332560
-0.055058
0.333418
-0.267198
-0.282802
-0.027057
-0.183947
0.192951
-0.309995
-0.018439
-0.154068
0.353767
0.131102
-0.131557
-0.135442
0.176885
-0.019787
0.101341
0.181733
-0.025670
0.060033
0.186129
0.173761
-0.239120
-0.072824
-0.156240
0.035309
-0.070380
0.118998
-0.180719
0.080863
-0.148949
0.112963
-0.078920
0.011343
0.198265
-0.048255
-0.191049
-0.190390
0.041730
0.003294
-0.033839
0.122620
-0.016092
-0.061428
0.017385
-0.003841
-0.178477
-0.048889
-0.201865
0.251822
0.252925
-0.026696
-0.170696
-0.197850
0.017016
-0.316908
-0.148389
0.025004
-0.045936
0.324667
0.033565
0.187501
-0.150996
-0.000312
0.042476
-0.105642
0.106039
-0.106855
0.107819
0.212796
-0.015748
-0.210677
-0.053526
-0.045766
0.200089
0.118398
0.051434
-0.101757
0.072133
-0.008416
0.144511
0.227815
-0.063376
0.085379
0.055118
-0.079420
0.214639
-0.055960
0.004981
0.012174
-0.191492
0.049669
-0.179393
-0.098616
-0.137321
-0.043036
0.036131
0.080200
0.292737
-0.013946
-0.051774
0.053610
0.215301
0.020458
-0.259750
-0.066076
-0.027823
-0.225764
-0.074648
0.056365
0.086481
0.272799
0.010220
-0.094497
-0.089930
0.112952
0.051030
0.122346
0.009150
-0.105634
-0.187521
-0.100628
0.081807
0.025743
-0.277048
0.295010
0.011627
-0.129507
0.188994
-0.087513
-0.250475
0.089091
-0.180213
-0.339949
-0.052507
0.078305
0.159472
-0.259780
-0.206737
-0.144447
-0.003734
-0.138987
0.135136
0.067597
0.308050
0.032897
0.002539
-0.290160
0.211037
-0.072370
0.243257
-0.257175
0.111656
0.154906
-0.011538
-0.085963
0.090551
-0.158986
-0.083168
-0.030103
0.160449
0.039691
0.196248
0.068432
-0.085150
0.174459
-0.067818
0.135396
0.152229
0.168168
0.062821
-0.073487
0.095607
-0.014447
-0.007769
0.087849
0.000642
-0.235314
-0.222002
-0.037661
0.104495
-0.121120
0.223774
-0.124353
-0.247967
0.121188
0.045311
0.089456
0.137335
0.040131
-0.095610
0.112490
0.218910
0.178270
0.068568
-0.219276
0.267902
0.083205
0.018986
0.142559
0.112682
-0.185778
-0.065258
0.162021
-0.298128
0.269717
-0.167939
0.130551
-0.016579
-0.196429
-0.078686
-0.130549
-0.095529
-0.036046
0.111132
0.143735
-0.095245
-0.000128
0.239558
-0.190723
-0.080105
0.192624
-0.011910
0.330411
-0.180098
-0.105748
0.036429
-0.051306
0.298197
0.086597
0.066569
-0.059747
-0.099570
0.200202
0.069493
-0.090981
0.295694
0.179100
0.149586
-0.082387
-0.049661
0.273328
0.204627
0.162610
-0.048474
-0.025018
0.158116
-0.013445
0.249309
-0.251130
0.263255
0.310353
0.128196
-0.030717
-0.020194
0.014916
-0.053224
0.106510
-0.094363
-0.250832
-0.074357
0.086154
0.048863
0.120522
0.048028
-0.033466
0.117345
-0.173443
-0.082831
0.100271
0.256647
0.203704
0.040532
0.173043
-0.036818
0.045603
-0.071680
-0.024249
0.015277
0.053288
-0.041899
-0.099520
-0.179664
0.034901
-0.308739
-0.128641
-0.099544
-0.096010
-0.011460
-0.054616
-0.010978
0.065839
-0.056729
-0.022013
-0.082858
-0.015387
0.022013
0.198774
-0.155819
-0.035090
-0.011370
0.069003
0.155830
-0.062345
-0.138224
-0.210934
-0.130386
-0.077649
0.084577
-0.006125
0.044179
0.075257
-0.152206
0.253194
0.193970
-0.130612
0.026323
0.051137
0.062449
0.246655
0.093564
0.039258
0.054184
-0.166150
0.112485
-0.149002
0.081941
-0.022856
0.375075
0.128058
-0.078846
-0.025164
0.085023
-0.198328
-0.276490
0.041348
-0.087895
0.062513
-0.025890
0.126190
-0.040953
-0.070895
0.097118
-0.008817
-0.065047
0.064598
0.091394
0.018769
0.148099
0.173364
0.094492
-0.011854
0.057420
-0.214024
-0.124570
-0.032150
0.022768
0.258774
-0.117409
-0.164284
-0.033737
0.122225
-0.142094
-0.080420
0.141306
-0.013628
-0.060772
-0.110073
-0.176503
0.152377
-0.115606
0.117661
0.054904
-0.059220
0.242821
-0.069662
0.270570
0.091300
0.052172
-0.106729
-0.205967
-0.012567
0.224519
-0.012446
0.199552
0.023156
0.103722
0.199459
-0.307793
-0.006178
0.231268
0.284530
0.216423
0.221627
-0.181339
0.079314
-0.165320
-0.032114
0.069708
-0.122793
-0.211742
0.105466
-0.001625
0.131662
-0.025479
0.085108
-0.239001
0.112398
0.156680
0.211613
0.104525
0.051908
0.034864
0.022009
0.062792
-0.034334
-0.119923
0.072431
-0.160348
-0.122025
-0.176991
0.262986
-0.182079
-0.175360
-0.079685
0.169278
0.155169
-0.284532
0.211212
-0.172499
0.014782
-0.135741
-0.075305
-0.178724
0.304675
0.140770
0.102026
-0.003713
-0.053792
0.072847
0.023645
-0.072929
-0.189849
-0.174286
-0.031904
0.084237
0.208353
-0.028441
-0.096258
0.311823
0.162654
0.113798
-0.054309
0.035002
-0.043123
-0.238574
-0.062453
-0.114136
-0.150226
-0.057872
0.089039
0.106741
0.057552
-0.013657
0.077156
-0.208801
0.021475
-0.029614
-0.134784
-0.070590
0.037590
-0.066387
0.057403
0.018778
0.093221
-0.033426
0.100859
0.001006
0.228523
0.046035
0.109029
0.146409
0.032943
0.046450
0.049646
0.100176
0.255115
0.041068
0.210059
0.011950
0.144754
-0.173819
0.034903
0.138338
-0.159723
-0.115992
0.181626
-0.335124
0.170993
-0.103019
0.070379
0.070720
-0.071677
-0.119775
0.158341
0.175018
-0.033053
-0.132215
-0.059247
-0.019969
0.194917
-0.123271
-0.164371
0.028056
-0.041792
0.059937
-0.019813
0.077820
0.078019
0.088796
0.192963
0.445502
0.184848
0.171851
-0.042224
-0.106132
-0.107848
0.088569
-0.085399
0.213147
0.248634
0.344619
-0.087321
-0.013993
-0.047316
0.111978
0.105730
-0.083248
-0.064554
-0.227783
0.023143
0.038123
-0.051285
0.098570
-0.083358
0.018941
0.258018
0.077870
0.038701
-0.168190
-0.294000
-0.156777
-0.073850
0.070751
0.329751
-0.044500
0.290404
0.033374
-0.256130
-0.161931
-0.030933
-0.072626
-0.214464
-0.066097
0.302669
0.020165
-0.040744
-0.082461
0.148526
-0.017045
0.095245
-0.144012
0.269466
-0.075210
-0.185746
-0.183098
0.038646
0.107357
-0.058424
0.172349
0.062730
-0.276150
0.119801
-0.228270
-0.212752
0.127518
-0.045812
0.203923
-0.014597
0.105530
-0.047605
-0.145223
0.039053
-0.213317
0.211354
0.017804
0.141684
0.033166
-0.040824
-0.309152
-0.149566
0.214482
0.079344
-0.115863
-0.031753
-0.112526
-0.132017
-0.078305
-0.146030
-0.185337
-0.120930
-0.100968
0.204070
0.050012
0.097971
0.140278
-0.141909
0.138285
-0.052817
-0.124690
0.153478
-0.135056
0.023716
0.029820
-0.159557
-0.197370
-0.066608
0.114416
-0.064121
0.002040
-0.177636
-0.389995
-0.117399
-0.044983
0.071736
0.100753
-0.274114
0.155497
-0.113769
0.158903
0.000067
0.227697
0.123831
-0.031073
-0.189869
0.095603
0.389877
-0.059367
0.024983
0.031192
-0.230421
0.250280
0.085598
-0.062184
0.241001
0.386168
0.166358
-0.002539
0.336423
-0.041108
0.192322
0.030352
-0.032928
0.064825
-0.205501
-0.063415
0.138797
0.027201
0.007736
0.057319
-0.115342
-0.172101
0.356897
-0.251759
-0.115493
0.087577
0.191933
-0.297176
-0.098771
-0.000944
0.159298
0.121613
-0.115785
-0.019255
-0.046887
0.016566
0.170889
-0.028658
-0.210489
0.231296
0.072090
-0.060428
-0.056974
0.107594
-0.247389
-0.121867
-0.080418
0.040338
-0.053872
-0.030234
0.209471
0.199543
-0.167464
0.028835
0.094869
-0.150101
0.039413
-0.057979
-0.012406
0.229870
-0.077826
-0.138741
-0.186059
-0.079341
0.148172
0.020946
-0.021772
-0.118512
0.201425
-0.256115
-0.039675
-0.032587
-0.186556
-0.024325
0.059583
0.037483
0.094708
0.228154
-0.081764
-0.112328
-0.016342
0.263009
-0.165675
0.144382
-0.075351
-0.128704
0.062291
-0.010515
-0.200896
0.158067
0.133066
0.040417
0.099445
0.211086
-0.067080
0.120346
0.000861
0.197618
0.140379
0.107531
0.184131
-0.326370
-0.161982
-0.049344
0.072451
-0.114022
-0.158664
0.099499
0.293897
-0.123590
-0.246631
0.229247
-0.252436
-0.144531
0.131035
-0.013928
0.063342
-0.049968
-0.010464
-0.123787
-0.096467
0.361569
0.170979
0.181808
0.171310
0.215415
0.031277
-0.220891
0.001201
-0.042599
-0.090123
-0.068168
0.085066
-0.250777
0.270617
-0.112743
0.019788
-0.087289
0.098197
-0.022131
-0.293084
0.128179
0.216597
-0.150425
-0.254552
0.020323
0.120752
-0.032523
-0.160377
0.415663
-0.101205
0.114634
-0.153670
0.141958
-0.177390
0.040550
-0.135281
-0.072261
-0.182663
-0.146700
0.125549
0.089517
-0.072665
0.028272
-0.156178
0.050909
0.171748
0.065505
-0.231787
-0.027432
0.181191
0.134350
0.131365
0.028175
-0.171996
-0.260169
-0.291678
-0.048835
-0.041172
0.122908
-0.061758
-0.325839
0.106462
-0.202990
-0.101069
0.182794
-0.144089
-0.115409
-0.156898
-0.132819
0.022812
-0.225888
-0.251522
-0.357213
-0.078691
0.160173
0.185851
-0.094685
-0.177272
-0.121434
0.053321
0.035480
-0.151560
-0.264858
-0.108874
0.138547
-0.163937
-0.121068
0.108923
0.037775
-0.170900
-0.071532
0.079623
-0.193419
-0.176981
0.096534
0.043858
-0.000202
0.018284
-0.309776
-0.017224
-0.065290
-0.151200
0.210764
0.091860
0.249043
0.065493
-0.071514
0.078834
0.161450
0.189826
-0.195737
0.274020
0.031990
-0.133603
0.026895
0.029678
-0.089930
0.151287
-0.044223
0.000967
0.130495
0.251225
0.083835
-0.238967
-0.080120
-0.236123
-0.002938
0.068365
0.026952
-0.167534
0.140595
-0.049186
0.218057
-0.018248
-0.164245
0.032621
0.029405
0.096237
0.124555
0.164619
-0.031316
-0.081008
0.184026
-0.140724
-0.081087
0.084271
-0.271186
0.137149
-0.174669
-0.301151
-0.003122
0.083350
-0.165327
0.133111
-0.052107
0.157086
-0.124897
0.103821
0.046707
0.210235
-0.124697
0.022165
-0.104820
-0.019787
-0.040059
-0.029281
-0.158579
0.097240
0.210896
-0.311658
0.088465
0.248481
0.035816
-0.166823
-0.072753
0.153767
-0.210953
-0.201378
-0.253068
-0.006302
-0.176613
0.042862
-0.236601
-0.255323
-0.172606
0.098305
-0.042702
-0.159949
0.211175
0.021310
0.032805
0.055568
-0.088604
-0.076705
0.151627
0.017977
-0.022942
0.191437
-0.067551
-0.064988
0.159433
0.165139
0.052136
-0.258126
-0.201256
0.084030
-0.095916
-0.173933
-0.243312
-0.178180
-0.236416
0.033722
-0.084788
0.044425
0.033082
-0.049488
0.240055
-0.049908
0.100724
0.100451
-0.233215
0.109373
-0.139279
-0.049849
-0.128822
0.100604
-0.160932
-0.108006
-0.131028
0.194452
-0.076017
-0.168652
0.133628
0.161675
0.094391
-0.163520
0.044902
0.271011
-0.085948
-0.165562
-0.213790
0.114312
-0.073041
0.077919
-0.103099
-0.091653
0.050451
0.234381
-0.161936
0.162442
-0.127765
-0.148277
0.169699
-0.205136
-0.011712
-0.106212
0.058934
-0.171827
-0.109178
0.359818
-0.150590
-0.078732
-0.295304
-0.049985
-0.175636
0.063744
0.023464
-0.134020
0.052440
-0.073841
-0.071253
-0.160782
0.173181
0.245666
0.034228
-0.037906
0.061030
-0.142329
0.204631
0.030375
-0.007710
-0.166126
-0.101459
0.091972
0.175365
0.205603
-0.219817
-0.286864
-0.059136
0.124604
-0.118093
0.095119
0.105783
0.204801
-0.244085
-0.010421
-0.321721
0.026032
-0.149985
-0.166427
0.268963
0.097380
-0.005506
0.097722
0.045021
-0.010717
-0.036324
0.109801
0.070751
0.273943
-0.251468
-0.244275
-0.090943
0.120888
-0.110006
0.025242
0.047794
-0.080756
0.121771
0.205849
-0.230080
-0.206308
0.250216
-0.082312
0.135509
-0.036091
0.101772
0.033288
0.104762
-0.226702
0.057304
0.197893
-0.013965
-0.190679
0.077583
-0.233233
-0.001514
0.013718
-0.025844
0.015068
0.035598
0.012804
0.144719
0.119639
-0.158527
0.140195
-0.173884
0.068055
0.033760
-0.069521
0.037005
-0.057635
0.112092
-0.097911
-0.192467
-0.113521
0.001470
0.062205
0.103623
-0.119219
0.158884
-0.225190
0.102617
-0.105864
-0.008529
-0.127253
0.106803
-0.042906
-0.121363
0.041544
0.237492
0.083735
-0.129725
-0.131283
-0.225649
-0.042413
0.017288
-0.054873
0.038198
-0.008083
0.237040
-0.055934
-0.113126
-0.060068
0.137678
-0.140294
0.013468
0.008314
0.335556
-0.346622
-0.092694
-0.156193
0.244001
-0.052139
-0.198851
-0.002062
0.007298
-0.019776
0.251718
-0.108866
0.210693
0.064576
0.075135
-0.014259
-0.025269
-0.118316
-0.214607
-0.063910
0.079686
0.145996
0.113414
-0.272433
0.055858
0.267411
0.281143
-0.277325
-0.064984
-0.067636
0.224944
-0.215746
0.149335
-0.013604
-0.011692
-0.357322
-0.181345
-0.034734
-0.092173
0.035039
0.029276
0.380265
0.240070
0.200378
-0.196159
0.081239
0.026154
-0.005078
0.144266
-0.191952
-0.056364
-0.074115
-0.108670
-0.080776
-0.183940
0.110259
-0.098506
-0.049797
-0.215473
0.011671
-0.116917
-0.199803
-0.224577
0.023023
-0.238249
-0.049558
-0.055086
-0.061343
0.048129
0.114257
-0.090319
0.118273
0.220346
0.102483
-0.085750
0.162370
-0.073439
-0.068040
-0.321963
0.002589
-0.164174
0.114175
0.040583
0.058718
-0.004847
-0.028553
0.084854
0.251194
-0.140552
-0.031031
-0.024431
0.093021
-0.050593
-0.319432
-0.126282
0.192793
-0.058913
-0.035989
0.112826
0.044701
0.002972
0.056371
0.059567
0.304627
0.013407
0.045368
-0.134721
-0.018517
-0.002926
0.363579
-0.166711
-0.105293
-0.004462
0.230673
0.128739
0.002242
-0.070093
0.123341
-0.017916
0.080685
0.079193
0.036612
0.144222
-0.177666
0.161051
0.174288
0.200446
-0.131375
0.102005
0.168716
-0.200242
0.275892
-0.034748
-0.182650
0.022485
-0.041160
-0.099077
-0.299359
-0.119494
-0.042947
0.062071
-0.058197
-0.193760
0.002238
0.176742
-0.168689
-0.063160
-0.010748
0.035983
0.154686
0.120692
-0.018390
0.078974
-0.021989
0.131194
-0.179974
0.010447
-0.189332
0.108884
0.274251
0.273823
-0.059491
0.089684
0.084685
-0.300651
-0.203411
0.002780
-0.159813
-0.013798
-0.083347
-0.085104
-0.079022
-0.094544
-0.238488
-0.094585
0.249709
0.012812
-0.046086
-0.140340
0.060208
-0.188803
0.049395
-0.178460
-0.108556
-0.007515
-0.064040
-0.051638
0.015350
-0.102825
-0.006986
0.148337
-0.243740
-0.027192
0.139938
-0.208968
0.063948
-0.126198
0.278392
-0.074021
0.152250
-0.127461
0.032516
-0.053365
-0.068873
-0.146505
0.044810
-0.023994
-0.004095
0.142895
0.107248
-0.032718
-0.115486
-0.033963
0.271218
-0.048247
-0.033895
-0.183247
-0.025766
-0.163696
0.087399
0.112583
-0.156234
0.178131
0.152231
-0.101830
0.070463
0.141281
-0.064860
-0.067367
-0.233533
0.075484
0.115603
0.070371
0.035895
0.008165
-0.162765
-0.067159
-0.073767
0.134145
0.148907
0.030267
0.187890
0.105801
0.150979
-0.017525
0.285287
-0.020882
0.267722
0.058476
0.111753
0.047255
0.160670
-0.101516
0.084146
0.090391
-0.113077
0.267384
-0.017809
-0.226471
-0.075053
0.020826
-0.168507
0.239598
-0.029965
-0.173634
0.024622
-0.281809
0.096060
0.188772
-0.102596
-0.061168
0.128031
-0.010591
0.000063
0.026270
0.194045
-0.244568
-0.042398
-0.048642
0.073363
0.374335
0.323071
0.024888
-0.143580
-0.047989
0.212596
0.047021
0.086282
0.014580
0.157535
0.119188
0.133069
0.262198
0.041517
0.100210
-0.063671
0.321780
0.177921
-0.243740
-0.068012
-0.242552
0.148982
-0.183905
-0.187530
0.168733
-0.099603
0.390818
0.028320
-0.025199
-0.022869
-0.230180
-0.233059
-0.010514
-0.035730
-0.164942
0.197678
-0.255117
0.321195
-0.081177
0.018322
-0.048181
0.022750
-0.125414
-0.019182
-0.027997
0.131332
0.041501
-0.219641
-0.002819
0.134969
-0.093214
0.072165
0.068497
-0.055614
0.440498
-0.153648
0.124712
0.348758
-0.101604
0.015891
0.153705
0.145893
0.053233
0.009989
0.183010
-0.233731
0.019944
0.212882
-0.279506
0.039144
-0.153291
-0.196340
0.302201
-0.225013
0.237341
0.085360
0.022355
-0.041600
0.088730
-0.004545
-0.031979
-0.221771
-0.064197
0.151151
-0.178810
-0.181196
0.107145
-0.047026
0.160773
-0.109654
0.133271
-0.063409
0.063596
0.111490
-0.058808
0.242160
0.064727
-0.008831
-0.148638
0.222258
0.217423
-0.140348
0.111498
-0.069619
0.134303
0.041584
0.028194
-0.191891
0.077319
0.279266
0.102263
-0.124230
0.019243
-0.079327
-0.131400
0.170525
-0.081888
0.048784
0.097955
-0.201020
-0.297789
0.055904
-0.040457
0.114386
0.100729
0.069369
0.068979
-0.237277
-0.096498
-0.171197
0.182771
0.096150
-0.000258
-0.101389
-0.092544
-0.087258
0.257876
-0.098093
0.115507
-0.238520
0.284516
0.168669
-0.154276
0.186715
0.127844
-0.145152
0.133169
0.074460
-0.021645
-0.097805
-0.127538
-0.090826
0.174131
-0.187048
0.072826
-0.141171
0.013577
0.170603
-0.085202
0.069658
0.074221
0.022917
0.081814
-0.023562
0.203188
0.047991
0.159085
-0.306681
-0.254731
-0.167835
-0.349446
0.081883
-0.020956
-0.179404
0.044104
0.117130
-0.144323
0.075789
-0.161816
0.074012
0.013855
-0.192982
0.039447
-0.029887
-0.026251
0.076765
0.276073
-0.031508
-0.225254
-0.004385
0.043096
-0.117915
-0.044862
0.179484
0.167424
-0.039791
0.100819
0.082020
0.117725
-0.033444
0.022972
-0.285540
0.132751
0.308664
0.096517
0.012133
-0.293419
-0.329948
-0.076216
-0.008093
0.156898
0.168782
0.009365
0.056931
0.377580
0.151431
0.013248
0.097191
0.008701
0.131636
0.148436
0.028445
-0.172961
-0.110680
-0.103400
-0.052969
-0.219135
0.165106
0.187563
0.298895
0.181578
-0.259860
-0.176702
0.237549
-0.120513
-0.023204
-0.005150
0.101213
0.119017
0.127754
-0.155321
0.213964
0.146220
0.139846
0.176872
-0.117254
0.170880
0.190280
-0.189570
-0.254271
-0.058293
0.043193
0.050333
0.013799
0.001126
-0.025966
0.101491
0.274804
-0.019386
0.131417
0.012098
0.220428
-0.202315
-0.148600
0.081468
0.125529
0.177494
-0.277295
-0.004017
-0.080113
-0.022759
0.160260
0.137898
-0.272484
-0.158697
-0.025279
-0.039743
0.083640
0.271931
0.022008
-0.203408
0.014203
0.144979
-0.287357
0.077126
-0.131607
0.064370
0.083306
0.271977
0.208161
-0.264263
0.015128
0.012238
-0.250132
0.091473
0.041954
0.117847
-0.056630
-0.067492
-0.177879
-0.153559
0.046661
0.183934
-0.140552
-0.013798
0.124936
-0.082020
0.134954
-0.077983
-0.309816
-0.008634
-0.016912
-0.001849
0.187040
-0.273401
-0.159023
-0.242191
0.149933
-0.049385
-0.176188
0.096306
0.231145
-0.114630
-0.125203
0.056648
-0.049923
-0.085713
-0.083761
-0.251632
0.179599
0.262171
0.020652
-0.095855
-0.181552
0.178564
0.013721
-0.030050
0.224014
0.023503
0.017731
-0.310821
0.126811
-0.171947
-0.160341
0.150316
-0.003181
0.155769
-0.121830
0.124402
-0.139169
0.143703
-0.264207
0.073192
0.124123
-0.009630
0.007145
-0.162131
-0.256930
-0.259684
0.215067
-0.092043
-0.078240
0.099147
0.041770
0.138027
-0.019453
0.047890
-0.309888
0.120318
-0.078557
0.345131
0.107846
0.042023
-0.055240
0.301906
-0.059847
0.162478
-0.139910
0.238038
0.004647
-0.191013
0.022853
0.138911
0.264479
-0.016366
-0.221188
-0.032086
-0.054566
0.061443
-0.008313
-0.085048
0.086635
0.047910
-0.091113
0.180507
0.056980
0.000354
0.280662
0.140044
-0.143905
0.262970
-0.081809
0.282381
-0.025740
-0.187640
0.025359
0.214124
-0.007091
-0.151957
0.078138
-0.192081
0.019963
0.248748
-0.251997
-0.041421
0.061124
-0.085999
-0.111150
-0.085420
0.262889
0.150813
0.085149
-0.132872
0.209911
-0.018979
0.150738
-0.155402
0.129312
-0.283461
0.258865
-0.159056
0.006048
-0.159314
-0.188520
0.095627
-0.029742
-0.023657
0.117702
0.109459
0.001296
-0.051848
-0.065715
0.143659
-0.130795
-0.011063
0.175871
0.020296
0.094352
0.011122
0.208093
0.131364
0.073545
0.085147
0.119210
0.105301
0.118305
0.282351
0.013910
-0.313038
-0.238340
-0.188555
-0.162385
-0.151904
0.014405
-0.050348
-0.176925
0.187752
-0.073984
-0.293636
0.015708
0.224346
-0.179886
-0.063657
0.207072
0.016151
0.133406
-0.036449
-0.050029
0.182371
0.059708
0.047931
0.183894
0.014496
-0.078449
-0.233667
0.256353
0.174195
-0.124129
0.091700
0.257176
-0.387306
0.013089
0.167557
0.027417
-0.090677
0.061549
0.018173
0.031551
0.184859
0.309330
-0.128040
-0.292050
-0.170446
0.217514
-0.140592
-0.103490
-0.186176
0.075433
-0.110165
0.109107
0.018331
-0.004339
-0.364975
-0.080614
0.063597
-0.031288
0.166808
0.232222
0.028697
-0.227281
0.080836
0.241058
0.111208
0.036055
-0.175356
-0.096301
-0.245986
-0.043823
0.036658
0.129477
0.233025
-0.174491
-0.171007
-0.026312
0.009900
-0.117339
0.038099
-0.452445
-0.019632
0.059791
-0.157387
0.103692
0.084409
0.054412
-0.028257
0.046918
-0.151403
0.137230
0.253654
0.129609
0.190531
0.213764
0.024552
0.160952
0.176778
0.155247
0.171296
-0.055170
-0.077277
0.044445
0.255278
-0.287061
0.225199
-0.028570
-0.129722
-0.074458
0.009133
-0.109007
0.269139
-0.005300
-0.101316
-0.163920
0.010001
0.141110
0.035429
-0.034918
-0.070561
-0.014380
-0.192981
-0.128592
-0.263093
-0.174529
-0.116934
0.149836
-0.164198
0.182052
0.152247
-0.097401
-0.009439
-0.014688
-0.167710
0.196337
-0.372123
-0.201817
-0.121504
-0.116832
0.000587
0.037443
-0.019447
-0.007146
0.227905
-0.342631
-0.010895
-0.052684
-0.029326
0.113847
0.049716
0.108114
-0.056529
-0.159984
0.043749
-0.013125
0.020532
-0.036844
-0.004685
0.133822
-0.153323
0.011714
-0.176218
0.083752
0.112056
-0.003170
-0.153667
0.028966
-0.057926
-0.020419
0.111746
-0.199950
-0.144311
-0.058007
0.130281
-0.152512
-0.086919
-0.110821
-0.032436
0.038355
-0.033537
-0.198749
0.172301
0.188262
0.152349
0.227196
-0.074353
-0.097996
-0.153103
-0.036750
0.047959
0.197094
0.166842
-0.105541
-0.053549
0.076606
-0.092123
-0.049255
0.051589
-0.082925
-0.090174
0.239907
0.064677
0.285573
-0.124142
-0.125466
0.163215
0.058644
0.198641
-0.129845
0.106043
-0.034513
0.110030
0.130892
0.104708
-0.016310
0.233685
0.078590
-0.205250
0.326787
-0.144619
-0.116391
0.077492
0.110041
-0.023181
0.063062
0.186533
-0.195582
-0.170806
0.039925
0.182257
-0.135655
-0.213629
-0.154359
0.229195
0.128425
0.122493
-0.246192
0.098013
0.244034
-0.162464
0.002121
0.072469
-0.124656
0.127378
-0.189103
0.133141
-0.146344
-0.060707
0.009214
-0.229463
-0.154458
0.046876
-0.019554
0.101625
0.030024
-0.060074
0.140475
0.105687
-0.183455
0.114129
0.137969
-0.123487
0.118213
0.272309
0.134555
0.107831
-0.031382
-0.020712
0.248287
-0.055676
0.203081
-0.213042
-0.019531
0.272477
0.034209
-0.017157
0.044706
0.078073
-0.059476
0.055042
-0.003926
0.052401
0.035592
0.100589
0.095510
-0.040067
0.181007
0.054884
-0.035948
-0.065907
0.096309
0.086200
-0.035578
-0.054949
0.078997
-0.136577
0.020595
0.103892
0.082365
-0.205357
-0.172433
0.009155
-0.025705
0.174825
-0.020296
0.065171
0.153363
-0.171468
-0.076085
-0.177680
-0.124898
0.095013
-0.099459
-0.060574
0.260718
-0.100907
-0.133347
0.156475
0.077505
-0.074918
0.132347
0.172624
0.055587
-0.111280
0.234479
0.042058
0.064716
0.036776
0.219139
0.028418
-0.052930
0.181235
-0.048492
-0.140572
-0.115432
0.128268
-0.016599
-0.070620
-0.160841
-0.019502
-0.024013
-0.073959
-0.072577
-0.059282
0.034968
-0.078993
-0.021861
-0.044743
-0.122302
0.239134
-0.041033
0.181123
0.080251
-0.287629
-0.119414
-0.125365
-0.054062
-0.084705
0.186295
-0.077854
0.214444
-0.033111
-0.251570
-0.071965
0.108967
0.044052
-0.235828
-0.186475
-0.277604
-0.064517
-0.039926
-0.129223
0.212463
0.029998
0.134837
0.239545
-0.127858
-0.092564
0.066959
-0.069429
0.014551
0.151715
0.050441
-0.131248
-0.195247
0.129013
-0.019246
-0.083813
-0.142205
-0.037071
-0.081786
-0.006852
-0.165041
0.102439
0.104860
0.053111
-0.141374
0.036477
0.233893
-0.022293
-0.262459
0.101836
0.211504
0.090869
0.152196
0.036012
-0.056699
-0.183589
0.061688
-0.101101
0.176038
0.279689
0.230717
-0.003679
0.310657
-0.143970
0.102673
0.231897
0.140139
0.134284
-0.156527
0.130211
-0.027747
-0.127637
0.060511
0.094902
-0.118617
-0.159969
-0.293606
0.265118
-0.089511
-0.046939
0.004389
0.099147
0.079963
0.323735
-0.137558
-0.183599
-0.027855
0.171466
-0.145143
-0.104385
0.230637
0.129898
0.132841
0.025522
-0.397957
0.048825
0.161624
-0.151430
-0.053220
-0.008734
0.126521
0.391541
0.193836
-0.164698
0.242025
0.078396
0.085752
0.155490
-0.054795
-0.110830
0.227971
-0.140718
0.170320
0.157698
-0.037713
-0.049521
0.129538
-0.207883
-0.110501
0.039339
0.046578
0.110194
-0.244813
-0.131595
0.239520
-0.067484
-0.197119
-0.065650
0.350263
0.279166
0.181258
-0.190603
0.102439
0.023770
0.164226
-0.120215
0.028301
0.217573
0.121591
0.142467
0.175985
-0.190834
0.044272
0.101142
-0.008717
-0.200328
0.030032
-0.113165
-0.077805
-0.393788
0.133701
0.116561
0.049942
-0.089318
0.058856
0.206885
0.245383
0.225027
0.020902
0.107146
0.056378
0.060008
0.137102
-0.162500
-0.044299
-0.207834
0.172177
-0.108508
0.133417
0.110518
0.104109
0.018865
0.069840
-0.128378
-0.022414
-0.168872
-0.299693
0.277890
0.200950
-0.066732
-0.156753
-0.297353
0.123914
-0.343248
-0.189066
0.207646
0.032992
0.126920
0.083020
0.098361
0.026422
-0.097280
-0.022724
0.031534
0.064499
-0.015856
0.121348
-0.262415
-0.035752
-0.065002
-0.079676
0.088378
0.028967
0.041137
0.226631
0.023507
0.109202
-0.026792
0.074992
-0.065879
0.044934
0.039312
-0.000809
0.111782
-0.106522
0.223992
-0.038210
0.169684
-0.155240
0.271802
-0.022699
-0.054830
0.113572
-0.274958
0.211029
-0.091825
-0.082845
0.195757
-0.057698
-0.022662
0.159431
0.151805
-0.163491
0.116258
-0.000146
-0.105480
-0.142930
0.112300
-0.083598
0.054318
-0.269433
-0.085284
-0.079119
-0.015846
-0.098654
-0.050610
-0.071452
0.152596
-0.048003
0.288312
0.014124
-0.059775
0.019261
-0.057675
-0.094790
0.077243
-0.069526
-0.038797
-0.173897
0.121039
-0.002054
-0.088053
0.168228
-0.002618
0.218769
-0.036485
0.107236
-0.049549
-0.096645
-0.186352
-0.280544
0.027789
-0.037590
-0.231443
-0.078428
0.094067
-0.240675
0.156186
0.058971
0.006343
0.234897
0.230553
-0.281118
-0.123651
0.076093
-0.025618
0.063779
0.127663
0.139694
-0.022647
0.307795
0.187356
0.302505
-0.069394
-0.128612
-0.184361
-0.041104
-0.145213
-0.398961
-0.013895
-0.098470
-0.167122
-0.088097
0.149107
0.021006
0.168235
0.008107
0.102901
-0.086535
0.189647
-0.251590
0.025546
0.203685
-0.173494
-0.107735
-0.053814
0.048933
0.191267
0.041931
0.124682
0.037638
0.100266
-0.092908
-0.039650
-0.233560
0.211440
0.003720
-0.034191
-0.167378
0.093106
-0.175878
-0.017461
-0.014036
0.262020
-0.175878
0.011805
-0.096979
-0.109151
-0.057761
0.041759
0.083260
0.208075
0.232442
0.023257
0.327472
0.077994
-0.177264
-0.087129
0.159105
-0.036578
-0.189997
0.072619
0.237302
-0.036764
-0.021745
0.233810
-0.000134
-0.027815
0.054504
0.157067
-0.015206
-0.026961
-0.051633
-0.132924
-0.267211
0.240460
-0.055282
0.168805
0.227152
-0.345108
0.075635
-0.210587
-0.002640
-0.049373
-0.017073
-0.073313
-0.031617
0.161696
0.059565
-0.138623
-0.250915
-0.115405
-0.046245
-0.012144
0.083699
-0.047387
-0.083308
0.047226
-0.227438
-0.000727
0.142243
0.007191
0.114476
-0.206199
0.107502
-0.114214
0.276345
-0.050692
-0.008999
0.134413
-0.168833
0.070279
-0.015078
-0.081515
0.103808
-0.020005
0.020117
-0.058970
0.032059
-0.044865
-0.076701
-0.014725
0.036791
0.242827
0.050708
-0.099704
-0.051739
-0.065785
-0.050842
0.062985
0.213775
0.185047
0.179373
-0.030583
-0.184290
-0.028276
-0.072502
-0.118246
0.069213
0.147380
-0.114160
-0.166062
0.049007
-0.199010
-0.214846
-0.199279
0.011224
0.123474
0.020751
0.079825
-0.132809
-0.115422
-0.062833
0.015079
-0.134538
0.184141
0.313407
-0.251571
-0.129379
-0.068663
0.369892
-0.057708
-0.048154
-0.224700
0.001109
-0.279048
0.050773
-0.071832
0.091229
0.132977
0.133971
-0.159293
-0.191456
0.226717
-0.074357
0.264037
-0.075409
-0.247569
0.131631
0.074478
-0.095451
0.039028
-0.033761
0.271754
-0.001972
-0.114731
0.179263
0.062530
0.214921
0.169784
0.093046
0.056606
0.044148
0.154639
-0.075139
0.030742
-0.020015
-0.044566
-0.069625
0.012492
-0.190743
0.179038
-0.015323
0.283830
0.250089
-0.183949
0.043316
0.182214
0.080873
-0.010971
-0.030206
0.026494
-0.012431
0.080982
-0.031770
0.328565
-0.072159
0.063062
-0.098468
0.188476
0.069764
-0.011672
0.046511
0.263102
-0.075071
0.014329
0.018156
0.127343
0.000302
-0.037515
0.153383
-0.281507
0.206835
0.079720
0.221659
0.162950
-0.117095
0.038933
-0.165904
0.107976
0.264607
-0.321901
0.067103
-0.011818
0.184148
0.146232
0.205678
0.096692
0.037256
-0.142588
0.130357
0.087767
0.140831
0.271179
0.214048
0.225089
-0.294125
0.014153
0.160969
0.187719
0.215946
0.180711
0.035377
0.079699
0.156311
0.011975
0.030000
0.073579
-0.015191
0.068557
-0.186510
-0.140083
-0.167706
0.104913
-0.079144
-0.091793
-0.042876
0.078143
-0.074903
-0.129841
0.071949
-0.421303
-0.180205
0.260815
0.175225
-0.044099
-0.158965
-0.163179
0.130137
-0.099906
0.167440
-0.146601
-0.036723
0.135669
0.305943
0.070616
0.131981
-0.195129
0.235059
-0.083570
-0.023294
0.044265
0.053324
0.029672
-0.031705
-0.275320
0.089594
-0.077584
-0.044984
0.159595
-0.073500
-0.012430
0.257050
-0.174487
0.112660
0.001894
-0.071284
0.182417
-0.184740
0.078169
0.280170
0.092631
0.042429
0.059655
-0.223792
-0.155264
0.233899
-0.096144
-0.013727
0.109311
0.074283
-0.227022
0.337314
-0.251466
0.111233
-0.124507
0.245420
-0.001844
0.066621
0.025133
-0.194656
-0.013759
-0.174376
0.092202
-0.173316
0.177761
0.169981
-0.038780
0.111506
-0.057707
0.023586
0.024576
0.180838
-0.051144
-0.088217
0.157130
0.171626
0.063566
-0.068208
-0.006857
0.055022
0.138464
-0.042133
0.106768
0.286278
0.106573
0.238682
-0.091822
0.012908
-0.043150
-0.153857
0.071651
-0.093785
-0.228478
-0.138848
0.185401
0.092972
0.029607
-0.014719
-0.077421
0.066508
-0.090472
0.101348
0.186521
-0.078046
0.082362
0.163473
0.148663
-0.084052
0.026431
0.143827
-0.101930
-0.114638
-0.243634
0.146922
-0.064429
-0.081995
-0.071220
0.146458
-0.070202
0.038492
0.145824
-0.048380
0.297168
-0.076098
-0.186389
-0.251004
0.236305
-0.106311
-0.222058
-0.203402
0.129717
0.155606
-0.182755
-0.094768
-0.116006
0.259442
0.022480
0.042362
0.070759
0.193254
0.109756
0.084955
0.027680
-0.015162
-0.145542
-0.055078
-0.060649
-0.235760
0.163805
0.016971
0.056490
-0.261142
0.129848
-0.000535
-0.147315
0.011422
-0.082381
0.000107
-0.095498
0.001788
0.295289
0.155060
-0.177548
-0.012842
0.042514
0.225370
0.250532
-0.118146
-0.090326
-0.127148
0.223241
0.355127
0.134369
-0.176143
0.017977
-0.180721
-0.321761
-0.311746
-0.037513
0.151706
-0.020342
-0.115277
0.051831
-0.048392
0.230743
0.124116
-0.178944
0.071221
-0.013119
0.119821
-0.102565
0.250034
0.099258
0.235764
0.214299
-0.004012
0.216339
0.188048
-0.075994
-0.216698
0.168706
-0.053385
-0.113300
-0.317542
0.098152
0.070465
-0.181914
-0.090931
0.022856
-0.121200
0.265738
0.005695
-0.049292
-0.022535
0.126792
-0.110794
0.183228
0.186685
0.261356
-0.079856
-0.156360
-0.173225
-0.006522
0.043231
0.064163
-0.195710
0.102536
-0.183375
-0.020324
0.274030
0.132454
0.138483
0.085026
0.136528
-0.014041
0.251740
-0.281359
0.312330
-0.237676
0.008733
0.036404
0.093292
0.066036
-0.092046
-0.028930
-0.071101
-0.143664
-0.036230
-0.058273
-0.208493
-0.028722
0.160107
-0.123573
0.069236
0.029432
0.076761
0.345611
-0.130134
0.269638
0.190967
0.078277
-0.107996
0.174185
0.223729
0.093496
-0.274570
0.068364
0.073527
0.083201
0.064431
-0.111534
-0.098903
0.243385
-0.049262
0.216626
0.174313
0.285734
0.023578
0.281994
-0.195913
0.098399
-0.028059
-0.140112
0.106048
-0.122880
-0.219325
0.258248
-0.120135
-0.044598
0.162720
-0.039108
0.173747
0.134885
-0.152069
0.033111
-0.095565
-0.186247
-0.025306
0.006784
0.087040
-0.197925
0.319999
0.069497
0.202482
-0.148054
0.016142
-0.111186
0.052426
-0.041192
-0.195901
0.059621
-0.043679
0.110383
0.056803
0.053989
0.043797
0.017977
-0.019563
0.011427
-0.027013
0.029388
0.041271
-0.005359
0.190500
0.162180
0.066693
0.048041
0.098920
0.132116
-0.055388
0.242282
-0.218451
-0.107513
0.100992
0.179818
0.001394
-0.009736
0.168648
0.140747
-0.087781
0.381819
0.040195
0.145696
0.314672
0.016764
-0.053164
0.106595
-0.033598
0.147606
0.063218
0.023074
0.046670
0.150782
-0.102679
-0.138911
0.145516
0.024111
-0.011167
0.006208
0.195147
-0.030981
0.225154
-0.057085
0.037982
0.034822
0.141744
0.026178
-0.197959
0.186059
0.129824
0.295062
-0.124850
-0.104036
0.113007
-0.079169
-0.176017
0.217710
-0.141010
-0.125331
0.088240
-0.121961
-0.103188
-0.290350
0.121323
-0.155408
-0.155363
0.101671
0.092788
-0.261408
0.071249
-0.080372
-0.208169
0.028585
0.197035
0.250864
-0.264774
-0.127688
-0.013470
0.219262
-0.006961
-0.053722
-0.061792
0.248321
0.142968
-0.082288
0.074420
-0.173989
0.090150
-0.196261
0.049165
0.062523
0.051499
0.046704
0.157892
-0.109604
-0.131613
-0.150341
0.068648
0.060148
0.210983
-0.168088
-0.082525
0.177016
-0.071569
0.210982
0.035789
0.027790
0.233791
-0.223134
0.033974
0.127937
0.239236
-0.013851
0.057715
0.023667
-0.166762
0.043418
-0.202065
0.051537
0.150575
0.055898
0.173003
0.097944
-0.060762
0.128659
0.114284
0.170765
-0.054240
0.265690
-0.114899
0.164047
0.097895
-0.059312
-0.145216
0.329713
0.160241
0.023792
0.138356
0.033578
0.138816
0.148431
-0.193870
0.146410
0.044169
0.047168
0.111239
0.148811
0.005476
-0.069808
-0.158755
0.149782
-0.102290
0.166642
-0.024825
-0.139550
-0.137598
0.087615
-0.084268
0.030653
0.068188
-0.015549
-0.298129
-0.089199
-0.078363
-0.026293
-0.097249
-0.056776
0.111238
0.203786
-0.045456
-0.016929
0.068418
-0.181736
0.051669
0.065211
0.148447
0.214699
0.062469
0.129606
0.221289
-0.158957
-0.013490
0.278329
-0.058438
-0.033270
0.243584
-0.138402
-0.062851
-0.161015
-0.092599
-0.101954
0.158650
-0.103998
0.020471
-0.047692
-0.128557
-0.068593
-0.184350
0.174338
0.107802
0.045706
0.037478
-0.154090
-0.264672
0.004915
-0.093548
0.094136
-0.115531
-0.155104
0.125324
0.001440
-0.184170
-0.002410
0.218936
-0.083264
-0.320785
0.080484
-0.234104
0.116408
0.200104
-0.305864
-0.089623
-0.104583
0.033582
0.255637
0.016343
0.040243
0.165917
0.178875
0.039767
-0.041945
-0.005984
-0.051612
0.184230
-0.016810
0.109733
-0.288826
0.062306
-0.107466
-0.033814
0.075086
0.103485
0.240783
-0.252019
0.379417
-0.047741
0.020216
-0.174762
-0.064639
0.131228
0.165156
0.076852
-0.175711
-0.212571
-0.194186
-0.137240
-0.202055
-0.133412
0.291729
0.198335
-0.169180
-0.017053
-0.093927
-0.000733
0.313308
-0.037060
0.177315
0.232038
-0.235604
-0.029797
0.066905
-0.127756
-0.080328
-0.019500
0.209600
0.104004
0.183831
0.025373
0.205317
0.041941
-0.111561
0.358781
0.014497
0.151485
-0.059475
0.184868
0.258947
-0.104405
0.112030
-0.140988
0.056099
-0.124231
0.208676
-0.076916
0.038930
0.050897
-0.052236
0.121805
0.064531
0.033932
-0.305929
0.193311
-0.127930
-0.101903
0.192797
0.103471
0.018179
0.278527
-0.223351
-0.339988
0.176456
-0.151092
-0.212524
0.026403
-0.168327
0.213348
-0.143965
0.005289
0.098347
0.063729
-0.158112
-0.055196
0.153420
-0.032983
-0.066518
-0.067629
0.095269
-0.141921
-0.077176
-0.371186
-0.028133
-0.001702
0.124388
-0.221338
-0.031798
-0.067041
0.127010
0.031340
0.090937
-0.068653
-0.016283
-0.123358
-0.062454
-0.217657
0.206807
0.254498
0.154671
0.045536
0.165878
0.318465
0.308636
-0.278044
-0.017166
-0.085355
-0.043146
0.222786
0.054954
-0.188920
0.055553
-0.028329
-0.210933
-0.158013
0.060401
-0.128495
0.206195
-0.003050
0.193005
0.023125
0.003137
-0.106034
-0.056818
-0.172033
0.009902
-0.128861
-0.151854
0.084135
-0.040371
0.100511
0.013609
-0.121900
0.148718
0.139230
-0.199224
-0.072835
0.191641
-0.162169
0.175683
-0.001343
-0.182784
0.190511
-0.200635
0.068403
-0.111891
0.121319
0.180593
-0.066432
0.066695
0.024381
-0.095438
-0.167027
-0.226469
-0.051539
0.054713
0.056181
0.046078
-0.053649
-0.035364
0.028485
0.043940
-0.188427
-0.117623
0.098450
-0.136651
0.115325
0.118650
0.055370
-0.002397
-0.129621
0.296042
-0.231935
0.220896
-0.122910
0.145807
0.025215
-0.333180
0.297040
0.085808
-0.154564
-0.095983
0.075544
-0.092615
0.155348
-0.106318
-0.035965
0.147666
-0.241881
-0.045959
-0.348057
0.221950
0.077868
0.026828
0.132242
-0.316826
-0.061852
0.025332
0.221031
-0.010961
-0.038073
-0.001676
0.081525
-0.016926
-0.051590
0.199044
-0.011824
-0.063667
0.133604
0.013963
-0.146628
-0.065767
0.084577
-0.160423
-0.134886
0.031721
-0.062832
-0.075307
-0.032307
-0.136121
0.234663
0.001527
-0.238926
0.078126
0.054620
-0.083128
0.102992
-0.260883
0.246846
0.163643
0.135552
-0.080179
0.212491
-0.005537
0.201809
-0.125652
0.046835
-0.195599
0.108052
-0.132553
0.067889
0.296932
0.089154
0.307512
-0.030733
-0.069641
0.222704
-0.277526
-0.117683
-0.056198
0.021359
-0.152742
0.076739
-0.086681
-0.101246
0.089725
-0.045689
-0.079931
-0.153315
0.218233
-0.128694
0.090269
-0.093057
-0.190044
-0.087846
0.105563
-0.397513
-0.014847
0.007231
-0.047155
-0.134845
-0.276132
-0.166097
-0.245320
0.040769
-0.286206
-0.039559
0.023079
0.192155
-0.279742
-0.190922
-0.011662
0.217392
-0.289774
-0.065140
-0.138299
0.146060
-0.280326
0.030362
-0.125103
0.229030
0.151156
0.179647
-0.344622
0.082609
-0.018985
0.024049
0.011516
0.134016
-0.001130
0.160711
-0.286764
-0.135322
-0.336121
0.310600
-0.115586
-0.368215
-0.133463
-0.011564
0.132322
-0.110621
-0.117879
0.033210
-0.029802
-0.004609
-0.104706
-0.136504
-0.133168
0.118400
0.146862
-0.113226
0.204902
0.127416
0.002788
-0.086384
-0.263597
0.184469
0.054941
0.134841
0.207990
0.200407
0.411438
-0.309630
0.297635
-0.347177
-0.080078
-0.192357
0.095822
-0.085588
0.179496
-0.119497
0.233170
-0.205101
0.106165
0.142141
-0.046059
-0.033026
0.007805
0.018631
0.067411
0.192081
-0.089454
-0.025799
-0.086234
0.054118
0.214168
-0.023666
0.089931
0.049250
0.273367
0.282074
0.123969
-0.245199
0.061639
-0.127493
-0.204910
-0.272701
0.264469
-0.067013
-0.098050
-0.075326
0.181032
0.244464
0.041787
0.146380
-0.053903
0.015720
-0.229599
-0.159052
0.247219
-0.025049
0.136296
0.003285
-0.162091
0.080413
0.246476
0.011177
0.238915
-0.318028
0.178576
0.050549
-0.036835
0.132399
-0.150214
-0.159500
-0.022931
0.018425
0.008848
-0.182697
0.129492
0.081012
0.090989
0.162110
-0.024393
0.048538
-0.004721
0.260516
-0.217234
0.198778
-0.183330
-0.028359
-0.133320
0.051829
-0.018145
-0.017492
-0.073557
0.006345
-0.218530
-0.124631
0.122565
-0.160803
-0.209712
0.288096
-0.030380
-0.143811
-0.003726
0.055454
0.062201
0.049143
0.033925
0.055887
0.187099
0.206556
0.096521
0.025650
0.094282
-0.037644
-0.120153
-0.118723
-0.166882
0.235088
-0.166250
0.217832
-0.273105
-0.169957
0.188739
-0.039635
0.036468
0.189735
0.181848
-0.089646
0.084338
-0.131864
0.036430
0.038894
-0.196190
-0.105665
0.009137
0.020526
0.240088
0.143114
-0.181479
0.234728
-0.026984
0.102877
-0.042740
0.118202
0.162547
0.041293
-0.051592
-0.077024
-0.043951
0.150285
-0.147036
-0.135469
0.138598
0.051029
0.049708
-0.064501
0.019745
-0.081026
-0.151198
-0.044441
0.310230
0.187453
-0.459938
-0.162702
-0.044780
0.181854
0.087975
0.157125
0.168613
0.141597
-0.082135
0.087320
0.101080
-0.165737
-0.054810
0.010549
-0.142625
0.099218
-0.057333
-0.070513
0.098582
0.104695
-0.054777
0.090144
0.159465
-0.006047
0.304734
0.101591
0.111889
0.084920
0.030811
-0.004975
-0.200337
-0.048895
0.464417
0.227185
-0.104575
0.240572
0.136160
0.238246
-0.083242
-0.208729
-0.016899
-0.133761
0.209175
0.208556
-0.134970
0.161039
-0.003451
-0.318509
-0.278266
-0.077814
0.004102
-0.076881
-0.038045
-0.173282
-0.057084
-0.041945
0.065393
-0.064538
0.065036
-0.001647
0.115760
0.114403
-0.209088
-0.008234
0.084004
-0.222264
0.300533
-0.091480
0.203768
-0.161046
-0.095790
-0.134083
0.010732
-0.313356
0.009195
-0.174750
-0.148170
0.069434
0.162368
-0.087791
0.018826
-0.043059
-0.121305
-0.038871
-0.066166
0.078077
-0.115984
0.158880
-0.276684
-0.271536
0.168319
-0.272305
0.159575
0.160677
0.011956
0.191844
0.125281
-0.218172
-0.162050
0.063163
-0.163552
0.170292
-0.030508
-0.053955
0.137454
0.020986
-0.164189
0.095151
-0.036336
0.056536
-0.005691
-0.170831
-0.228192
0.186875
-0.148511
-0.211781
0.108905
-0.062540
0.016919
0.008828
-0.218141
-0.069816
0.100373
-0.186368
0.122093
0.032052
-0.109442
0.112152
0.067861
0.000045
-0.179789
0.073550
0.109327
0.033745
0.021348
0.187439
0.038994
-0.166240
0.281989
-0.001762
-0.031463
-0.106988
-0.110225
0.004430
0.024193
-0.049034
0.122394
0.151956
-0.167293
0.003756
-0.051018
0.032532
-0.141378
0.165901
-0.063438
-0.037390
0.203597
-0.100387
0.105915
-0.026981
-0.295580
-0.102145
-0.033905
-0.106200
0.118931
0.028376
0.039804
0.087922
0.114171
-0.034731
0.109051
-0.225665
0.157278
0.281541
0.160290
0.194182
-0.056483
0.160359
-0.070745
-0.033959
0.090251
0.177344
0.008853
-0.055294
0.040440
0.018334
-0.046974
-0.129962
-0.107899
0.029917
-0.036332
0.293830
0.043744
-0.122715
-0.102468
0.169104
0.035354
0.039749
-0.012411
-0.040553
0.312955
0.188569
-0.148080
-0.178886
-0.069451
-0.150937
0.198058
0.147285
-0.220159
0.078736
0.173656
-0.038048
0.153350
-0.132552
0.161144
0.154836
-0.179887
-0.102402
0.039862
0.222886
0.098468
-0.335639
0.070674
-0.058281
-0.019083
0.103288
0.064728
-0.037325
0.200217
0.038243
0.039148
0.064021
-0.073618
0.126339
0.276812
-0.119581
0.225717
-0.123640
0.092513
-0.063020
0.067621
-0.081613
-0.028092
0.008624
-0.123932
0.069646
0.109271
0.017896
0.164792
-0.106695
0.195362
0.115412
-0.162908
-0.089779
-0.268519
0.304107
0.377097
0.012755
-0.047953
0.144006
0.013445
0.440421
-0.035366
-0.079978
-0.194801
0.101949
0.168668
-0.088945
0.105964
0.021693
0.242184
-0.229138
0.229103
-0.168039
-0.118017
0.131661
0.296102
-0.102586
-0.095840
-0.010005
-0.021960
0.059984
-0.077923
-0.058976
0.120412
-0.021743
-0.065380
-0.199207
0.123153
-0.044086
-0.096502
-0.175326
-0.183774
0.038699
0.126270
0.250692
-0.002328
-0.193302
-0.321549
0.036965
-0.102271
-0.009826
-0.001816
-0.196520
0.241419
0.132855
0.014146
0.074732
-0.285835
0.125888
-0.020436
-0.046231
0.056440
-0.166250
-0.136724
-0.435046
-0.164449
-0.246412
0.173290
0.411219
-0.032972
-0.008536
0.189146
-0.202489
-0.098637
-0.198243
-0.101673
-0.371216
0.043692
-0.270475
0.174053
0.037497
0.026222
0.012136
-0.047650
-0.142718
0.177288
0.277998
-0.162848
0.171564
-0.042104
-0.025789
0.256595
-0.083862
0.070837
0.127873
-0.005012
0.063886
0.001039
0.115625
-0.055627
-0.126128
-0.154554
-0.050125
0.210140
-0.070645
0.180170
0.040556
-0.137434
0.081870
-0.021510
-0.180752
-0.100854
0.097329
-0.027296
-0.149857
0.043396
0.065851
0.009901
-0.156148
-0.356431
0.109926
-0.211175
-0.199977
-0.274855
-0.027295
-0.043320
0.160460
-0.234132
-0.127329
-0.118533
0.012710
-0.051176
-0.062301
0.061103
0.011557
-0.040772
0.172756
-0.191380
-0.174712
0.001966
-0.083405
-0.171474
0.140587
-0.104555
-0.024673
-0.000852
-0.105049
0.044927
-0.034581
0.149675
0.007211
0.102370
0.274570
-0.291021
0.096528
0.001767
0.244450
-0.147989
-0.100328
0.004033
-0.075726
-0.201349
-0.091906
0.009691
0.136178
-0.004144
0.093620
0.197497
0.025420
-0.146367
0.076309
-0.218154
0.171577
0.241097
-0.031158
-0.084436
0.283584
0.065217
-0.171264
0.006927
0.006664
-0.235087
0.227604
0.028000
-0.221296
0.292548
-0.247696
-0.019922
0.051496
-0.222748
0.064367
0.062344
0.270413
-0.103898
0.025121
-0.062914
0.177022
-0.047823
-0.022405
0.114755
0.234277
-0.140735
0.204352
0.114434
-0.073585
0.197382
0.103788
0.130860
-0.042853
0.039906
0.190527
0.128159
-0.219229
0.116488
0.264787
0.093120
-0.005489
0.000141
0.053029
0.105191
0.074458
0.159404
0.006766
0.001755
-0.004844
0.183170
0.034299
0.002639
-0.035934
-0.122850
-0.075332
0.014665
0.290588
-0.012077
0.032122
0.115299
-0.148838
0.072903
0.121966
0.147933
-0.126718
0.109539
0.101548
0.033342
0.279059
0.054336
-0.145481
0.055773
-0.078330
0.215097
-0.143226
-0.044873
0.141556
-0.096400
0.111749
-0.052030
0.170158
0.244293
0.007416
-0.122098
0.028474
-0.003905
-0.261198
-0.126242
0.053541
-0.260179
-0.103083
-0.117770
0.106250
0.036781
-0.204391
0.148045
0.134751
-0.151803
0.097953
-0.195859
-0.224663
-0.408927
0.026808
0.061240
-0.294934
0.110729
0.173180
-0.061213
0.211806
-0.281616
-0.140255
0.152817
0.096459
-0.074745
-0.261819
0.013580
0.092281
0.074337
-0.038783
-0.163968
-0.229118
0.281199
-0.010458
0.008164
0.063868
-0.168135
0.233552
0.001587
0.043940
-0.121730
-0.240538
-0.287315
-0.061759
-0.062571
0.045944
0.119180
0.128746
-0.258062
-0.250186
-0.355092
-0.040797
0.207683
-0.134994
0.106953
0.045054
0.053947
0.187086
0.197917
0.120028
-0.097260
-0.030478
-0.036689
0.289881
0.074263
-0.272666
0.190699
-0.213431
0.004316
0.210973
0.094501
0.190887
-0.145508
-0.104688
0.080134
0.182793
-0.134737
-0.281380
0.120503
-0.063211
-0.115771
0.130347
0.082711
0.076841
-0.073467
-0.264150
0.001230
-0.205650
-0.385152
-0.178765
0.022743
0.283030
-0.132082
0.163076
0.061016
-0.325105
0.090620
-0.167778
0.008482
-0.172750
-0.242387
0.022934
0.076299
0.028405
0.005372
-0.019659
0.055130
0.338490
-0.183187
0.048132
0.253137
0.089819
-0.081255
0.131989
-0.202435
-0.025075
-0.063699
0.285137
-0.150331
-0.097063
0.155948
-0.019989
0.075237
-0.006110
-0.093304
0.082265
0.038949
-0.188584
0.075768
-0.039656
-0.233304
0.031649
-0.081902
-0.283531
0.205970
-0.001749
0.137039
0.094306
-0.038438
-0.052447
-0.173625
0.024427
0.035356
-0.023945
-0.012219
-0.092339
-0.155461
0.191146
-0.211045
0.018240
0.041705
0.194444
0.136590
-0.178761
0.163108
0.136536
-0.177705
0.332564
-0.006535
-0.174274
0.352816
-0.078908
0.250330
-0.117360
-0.006215
0.028692
-0.098392
-0.219082
-0.243507
-0.193983
-0.151210
-0.026398
0.065083
-0.141466
0.012897
0.029189
0.116410
0.004506
-0.060974
-0.025474
-0.053272
0.134628
-0.274973
0.032660
0.049021
-0.074234
0.109893
0.078999
-0.015236
0.108120
0.177905
0.017311
0.264991
-0.126888
-0.140672
-0.192742
0.059817
0.136817
0.061573
0.110213
0.177793
0.008652
0.008696
0.028560
0.001165
0.325582
-0.116042
-0.027871
0.113664
0.181892
-0.189194
0.092163
-0.142750
0.110627
-0.153087
0.078387
-0.201292
-0.129799
-0.263246
-0.216572
-0.042486
-0.311052
0.012674
0.317317
0.094670
-0.047190
0.107511
-0.163574
0.148005
0.114582
-0.198911
0.215055
0.160104
-0.382823
0.135844
-0.124570
-0.183862
0.167513
-0.239820
-0.077063
0.211222
0.140244
-0.015611
-0.188200
0.069951
0.081942
0.149329
0.105696
-0.080308
0.141533
0.115919
-0.119718
0.019933
-0.136504
0.043436
-0.131646
-0.084876
0.165079
-0.097189
0.223799
0.006355
-0.046588
0.083245
-0.160237
-0.126964
-0.222937
0.072879
0.181887
-0.073735
-0.119234
-0.239744
0.028230
-0.158940
-0.249616
-0.114238
0.002821
-0.176658
0.077656
0.131365
-0.197653
-0.121203
-0.275848
-0.114049
0.112755
-0.007853
0.236747
-0.006930
0.112932
0.143922
0.134028
-0.247647
-0.023343
-0.130689
0.039726
-0.096840
-0.209022
-0.014055
0.159565
-0.098343
0.201063
-0.201646
-0.115587
-0.219540
0.031493
-0.194705
0.046801
-0.220461
0.287670
-0.136804
-0.214400
-0.046198
-0.051386
0.097393
-0.019225
-0.076049
0.244833
0.011531
-0.260158
-0.193383
-0.128561
-0.054974
-0.090791
0.046202
-0.195436
-0.096875
0.208999
-0.098637
-0.086213
0.001959
-0.184152
0.157209
0.145075
-0.080648
-0.058687
-0.103373
-0.122689
-0.024308
-0.258027
-0.253176
-0.025836
0.089557
0.025760
-0.105050
-0.034211
-0.071719
0.132724
0.023210
-0.103098
-0.229610
0.113025
-0.020958
-0.154433
0.055897
-0.036734
0.174966
0.199406
-0.224361
-0.081654
0.125945
0.078287
-0.123618
0.058909
0.030222
-0.075928
0.168773
0.212634
-0.101127
0.015722
0.108408
0.233173
-0.183844
0.037463
0.066387
0.292967
-0.138543
0.105525
-0.241556
-0.238583
-0.217347
0.265897
0.043149
0.192532
0.112550
0.019867
0.103441
0.357784
0.129398
0.083476
-0.138423
0.006984
-0.307899
-0.230223
-0.164909
0.048590
-0.016751
-0.020433
0.200494
0.036784
0.039699
0.011814
0.092236
-0.393826
0.342890
-0.000445
0.193464
0.039242
-0.162176
0.079023
0.211755
-0.207338
0.095624
0.143540
0.041183
-0.239963
0.094272
0.032742
0.151391
-0.313421
0.182182
0.235943
0.055754
-0.033328
0.147068
0.088987
-0.116151
-0.087883
-0.185044
-0.089017
0.106438
-0.208433
-0.092405
-0.169060
0.056625
0.196589
-0.097665
0.013391
0.044738
0.154324
-0.102514
-0.130538
0.083932
0.113297
0.077586
0.232362
0.254690
0.084553
-0.132858
0.000511
0.104373
-0.039098
-0.078470
0.124373
-0.312408
-0.104501
-0.157722
-0.334067
-0.134768
-0.166841
-0.272711
0.007937
-0.002497
-0.103991
0.012089
0.011140
0.283625
0.165725
-0.224092
0.048747
0.006714
-0.149593
-0.095594
-0.128294
0.209157
-0.114406
-0.198495
0.100926
0.095448
-0.064616
-0.075822
-0.160627
-0.053054
0.099879
-0.165069
0.134693
-0.173722
-0.208242
0.032178
-0.214609
-0.189178
0.031419
0.156920
0.042528
0.017732
-0.078686
0.286116
-0.204338
0.245656
0.029763
-0.196384
0.049256
0.052779
-0.017620
0.133429
0.250128
-0.142521
-0.044488
0.157218
-0.074034
0.318435
0.066977
-0.121451
-0.139345
0.126182
0.025072
0.136107
0.223438
0.113793
-0.153679
0.006213
0.070828
-0.011181
-0.242147
0.066029
-0.230763
0.084756
0.124574
-0.125339
0.180512
0.349103
0.067959
0.049119
-0.112377
-0.024982
-0.189816
0.298460
0.004103
-0.146400
-0.310429
-0.087601
-0.066056
-0.078778
-0.088424
0.076426
-0.132562
0.184386
-0.026027
0.135601
0.216685
-0.085334
-0.006317
0.140680
-0.141237
0.162840
-0.051610
-0.033809
-0.032888
0.093859
-0.019575
0.071080
-0.117049
0.125051
0.147141
0.004848
-0.018798
0.145136
0.096624
-0.005884
-0.126339
0.033442
-0.065271
-0.159875
0.346824
-0.027561
-0.153620
0.168943
-0.211830
0.139025
0.022565
0.291758
0.015329
0.111151
-0.226664
0.238815
-0.335403
0.319213
0.141517
-0.031930
-0.208663
-0.018854
-0.305568
0.006939
0.285599
-0.231046
0.068793
-0.074923
-0.181026
0.052901
0.021339
-0.335794
0.163627
0.161702
0.296612
-0.244589
-0.215851
0.193825
0.086857
0.129493
-0.294780
0.122644
0.054086
-0.201908
-0.019970
-0.058403
-0.124108
0.095223
0.160013
0.034778
0.276580
0.076903
0.038303
-0.110614
-0.036746
-0.018568
-0.243379
0.109739
-0.213986
-0.210933
-0.092974
0.098952
-0.127540
-0.008016
0.042286
0.022617
-0.210640
-0.181751
-0.272536
-0.019350
-0.166232
-0.047127
0.174946
0.113811
0.071239
-0.065396
0.039454
0.015103
-0.000860
0.207401
-0.166819
0.042411
0.061230
-0.115105
-0.052409
-0.247863
-0.174007
-0.156434
-0.038840
-0.073403
0.124233
-0.095566
-0.028961
0.220361
-0.174936
0.097006
-0.030457
0.142285
-0.216438
-0.083766
0.105840
0.027092
0.027706
0.219530
0.017690
0.071822
-0.092100
0.378464
-0.168892
-0.168990
-0.126144
-0.290981
-0.107943
-0.001074
0.092852
0.270659
-0.220900
0.100851
-0.257128
-0.145076
0.044004
-0.146257
-0.185595
0.039674
-0.180473
-0.089409
-0.246261
0.076796
0.114690
-0.205214
0.000500
0.129664
-0.133137
0.062146
0.017497
0.191000
0.163817
0.060645
-0.173709
-0.133785
0.150758
-0.075979
0.130616
0.053053
0.032640
0.146671
-0.022445
0.019631
0.139019
-0.187103
0.010683
-0.215856
0.010817
0.108057
-0.012943
-0.165988
-0.131833
-0.124547
-0.232728
-0.133757
0.189943
0.285321
0.217543
0.166018
0.106888
0.201407
-0.038120
0.019909
-0.173524
-0.184156
-0.130543
-0.249340
0.250267
0.085657
0.051155
0.027857
-0.157855
0.233933
0.158590
0.241411
-0.185564
-0.161335
-0.088891
0.007375
-0.164372
0.087037
-0.038209
-0.126538
-0.229771
-0.206926
-0.055174
-0.171611
0.035130
-0.057797
0.210260
-0.106757
0.211614
-0.063156
0.206434
0.148025
-0.069227
-0.300854
0.241900
0.042169
0.135205
-0.050956
0.209471
0.114025
0.012002
-0.290425
-0.079980
0.114182
-0.129611
-0.207618
-0.076080
0.147823
0.161757
-0.117799
0.121871
0.017404
-0.244491
0.253971
-0.016847
0.121580
0.282485
-0.106151
0.137852
0.185783
-0.171021
-0.295417
0.045650
-0.198014
0.077103
0.092955
-0.158917
0.112942
-0.176945
-0.164410
0.087589
-0.248497
-0.147613
0.153167
0.185275
-0.115786
-0.081240
-0.322588
-0.144999
-0.142966
0.213513
-0.196523
-0.281142
0.201624
-0.058007
-0.089353
0.109963
0.020561
-0.052968
0.205640
-0.209068
-0.048774
0.113182
0.057341
-0.180027
-0.042349
0.008496
-0.026995
0.013577
0.015139
0.114865
-0.061728
-0.159114
-0.144673
-0.307102
0.142864
0.132484
-0.040071
-0.084656
0.252271
0.032316
0.224307
0.014469
-0.117895
0.220884
-0.031889
0.269811
-0.289890
-0.003628
-0.130841
0.242370
-0.085482
-0.092771
0.232404
-0.007339
0.058606
-0.011023
-0.228386
-0.006736
-0.155525
0.096329
-0.134557
0.204585
-0.317833
0.254126
-0.028881
-0.011043
0.212162
-0.082664
0.121928
-0.009811
0.018350
0.122553
0.137640
0.276966
-0.244604
0.152538
-0.123785
-0.050129
0.213812
0.027527
0.037470
0.128560
-0.111885
0.107877
0.127462
0.112902
0.243745
0.157769
0.207978
-0.079159
0.016566
-0.192727
0.153770
0.024144
-0.332533
0.132215
0.100252
-0.051549
0.049944
-0.070705
0.134619
0.002434
0.118378
-0.229199
0.185835
-0.004182
-0.247934
0.141889
-0.191034
-0.015074
0.172072
-0.271262
0.071433
0.106455
0.001832
-0.121199
-0.116430
0.319594
-0.137370
0.018017
-0.102162
0.203414
0.278118
-0.155812
-0.090286
-0.103241
-0.190142
0.032402
0.193574
0.091441
-0.214966
0.218775
-0.185892
-0.096486
0.043171
-0.003935
0.087219
-0.202147
0.031184
0.162343
-0.054252
0.009358
0.102975
-0.080304
0.013935
-0.232372
0.140166
0.064310
0.041957
-0.112763
0.095267
0.188469
0.067351
-0.078762
-0.133311
-0.147294
0.026652
0.224066
0.079008
-0.124898
0.219381
0.049982
-0.047944
0.169159
0.067815
0.189169
0.329215
-0.208513
0.079616
0.280712
-0.122892
-0.085711
-0.149208
-0.063164
0.176693
0.263348
0.262958
-0.170578
0.217367
0.055518
-0.240013
0.214932
-0.141801
-0.035754
-0.099316
-0.090927
0.021779
0.031721
-0.184771
-0.191358
0.123301
-0.139826
0.245070
0.010920
0.105913
0.172730
0.132708
0.158496
-0.004082
-0.173329
-0.022934
0.072950
0.174261
0.226383
-0.047555
0.065249
0.311746
-0.185717
-0.080696
0.176456
-0.040144
0.313363
0.089314
0.284279
-0.120434
0.280126
-0.100364
0.097148
0.302624
-0.120740
0.120582
-0.059241
-0.041043
-0.031109
0.054964
-0.115717
0.371564
0.030623
-0.266939
0.024409
-0.019955
0.170393
0.046445
-0.005317
0.170646
0.140329
0.032049
-0.006963
-0.020733
0.180276
0.161671
-0.034897
-0.225421
-0.087479
0.035701
0.305916
0.126184
0.311940
0.170870
0.069543
-0.005745
0.179094
0.074285
-0.123490
0.203464
-0.003444
0.024490
0.081860
0.074369
-0.215836
-0.011188
0.090514
0.123690
0.215847
0.157678
0.098537
0.353590
-0.171651
0.201282
0.009315
-0.119344
-0.179869
0.194616
-0.128582
-0.106443
-0.026396
0.214399
-0.061763
-0.070240
-0.231006
-0.170357
-0.044862
-0.131320
-0.009531
0.258280
0.090862
0.028311
-0.101101
0.276503
0.014471
-0.045325
-0.072160
-0.050642
-0.001954
0.059570
-0.182955
0.110351
-0.341595
0.167050
-0.006992
-0.069731
0.253412
-0.293066
-0.180783
-0.208448
0.114460
0.137595
-0.068426
0.168263
0.324301
0.161238
-0.196952
0.147050
0.209489
-0.107183
-0.458075
0.180809
-0.071437
-0.241138
0.065736
-0.246072
0.034620
-0.137364
-0.110225
-0.018417
0.217430
-0.028471
0.207628
-0.012600
0.262269
0.023145
0.239896
-0.157557
0.335632
-0.033607
-0.079953
0.137877
-0.069014
-0.292373
-0.191021
0.058437
-0.042565
0.178175
-0.042538
-0.187014
0.111696
-0.026935
0.069052
0.197428
0.199863
-0.259453
-0.044298
0.044546
0.183833
0.068659
-0.014562
-0.144162
0.124540
-0.077946
0.291052
0.151806
0.129986
-0.199021
0.007788
0.095322
0.044023
0.180063
-0.024837
0.248267
0.040965
-0.232082
0.150572
-0.020325
-0.096036
-0.126154
-0.057298
-0.220775
0.230077
-0.232148
0.228897
0.191907
-0.072319
-0.091039
-0.185588
0.112605
-0.279373
-0.000363
0.057463
0.139007
0.148602
-0.037050
-0.187157
0.113152
-0.083861
-0.014706
-0.119913
-0.024172
-0.042647
0.080520
0.107647
-0.216682
-0.237271
0.004134
0.117371
-0.259490
0.068107
-0.010609
0.352684
-0.050070
0.133078
-0.145567
0.146967
-0.047050
0.077721
0.022108
0.062243
0.192466
-0.021349
0.037553
-0.163328
-0.201356
0.050811
-0.100574
-0.178205
-0.262228
0.120421
-0.020656
-0.238419
0.052705
0.211857
-0.104651
-0.058880
-0.131105
0.053738
0.235337
0.031262
0.085205
0.260430
-0.263860
0.056437
-0.236927
0.000650
-0.151687
-0.017079
0.105767
-0.140006
0.091154
-0.032011
0.077524
-0.005511
-0.116246
-0.009944
0.091924
-0.119728
0.084408
0.309360
0.180597
-0.212982
0.317215
-0.119681
-0.000680
0.047424
0.007733
-0.023467
0.175630
-0.196585
0.115279
0.137232
-0.203985
0.044586
-0.150671
-0.176338
0.237345
0.096971
0.089727
0.038557
-0.033773
0.152948
-0.014281
0.052159
-0.009559
0.018966
-0.183698
0.134323
0.070897
0.208705
0.060958
0.002021
0.214170
0.029629
-0.037566
0.107349
-0.068941
-0.229977
-0.017619
0.217640
0.063619
-0.083304
-0.068039
-0.005761
0.150767
-0.247131
0.052900
0.096536
0.070225
0.038489
0.114822
0.102605
-0.064180
-0.050393
0.017282
-0.086274
0.098132
0.146314
-0.186907
0.134721
-0.101020
-0.107889
0.176797
0.031710
0.222872
0.259542
-0.179650
-0.340059
0.039039
0.014404
-0.133838
0.040770
0.055276
0.036784
0.113203
0.041561
0.090383
-0.102208
-0.133267
-0.012137
0.091398
-0.109909
-0.097085
-0.054272
-0.146227
0.227470
0.133507
0.117960
0.009342
0.228261
0.215622
0.337566
0.152921
-0.004087
-0.111201
0.157832
-0.073068
-0.156366
0.156944
0.173165
0.053207
0.066891
0.026814
-0.139422
-0.181316
-0.121086
-0.045953
-0.239135
-0.246599
0.090042
-0.047182
0.012662
-0.129535
0.009565
0.206130
-0.190842
-0.152120
-0.205605
-0.029907
0.290826
0.226032
-0.145512
-0.028770
-0.012238
-0.318838
0.181583
0.149880
0.201122
0.034791
0.039885
-0.002692
0.294856
-0.122350
-0.055353
0.057126
-0.115519
0.046417
-0.006177
0.046111
-0.305890
-0.074558
0.179681
-0.157887
-0.158909
0.146081
-0.072996
0.079199
-0.320160
0.099340
0.330666
-0.052219
-0.211731
-0.106692
-0.246329
0.189597
0.114008
0.157477
0.067485
0.085282
0.286053
-0.132653
0.003388
-0.157775
-0.027668
-0.257308
-0.316871
0.062417
0.034996
0.149068
-0.066619
0.108358
-0.060351
0.029198
-0.047114
-0.025295
0.017645
-0.013300
0.380571
0.065847
-0.145051
0.029311
0.328985
-0.123684
-0.155496
0.162504
0.145587
0.111856
0.166026
0.193773
0.027790
-0.149121
0.154810
0.108472
0.178499
0.067804
-0.007575
0.062971
0.177071
0.220532
0.218758
0.154390
0.096052
-0.006160
0.106045
0.108861
0.113542
-0.043031
0.131302
0.063809
0.280829
-0.196383
0.146205
0.201440
0.001116
-0.273966
0.236144
-0.151766
-0.097438
0.108478
-0.060680
0.058731
0.040262
-0.237544
-0.076982
-0.042611
-0.212955
-0.233095
0.093559
0.052683
-0.202502
0.153933
-0.123487
0.055353
-0.008477
0.202040
-0.201375
-0.189040
0.028696
-0.201533
0.103325
-0.157784
0.429984
0.115616
0.134644
0.184125
0.081188
-0.003003
0.199265
-0.142491
-0.320810
-0.149596
0.124513
-0.020802
-0.230399
-0.037875
-0.170980
0.117286
0.250319
0.105627
0.164845
0.133360
-0.059851
-0.110856
-0.054118
0.225969
0.071340
-0.123675
0.080392
0.115443
0.323297
-0.224602
-0.060359
0.093855
-0.121956
0.062438
-0.047467
0.005420
-0.014688
-0.007296
0.129890
0.044189
0.069409
0.115840
-0.064317
0.132280
0.139363
0.147656
0.246081
0.308544
-0.154062
-0.173110
-0.114151
-0.169217
0.176380
-0.140879
-0.029845
0.013839
-0.264840
-0.001766
0.107519
-0.000636
0.010487
0.118257
-0.006733
0.212142
0.242109
-0.220573
-0.200390
0.096865
0.019626
-0.136855
-0.237116
0.068650
-0.007002
0.098691
0.016324
-0.045253
0.324336
0.151492
-0.209511
0.204447
0.235621
-0.142554
0.010189
-0.159432
0.213553
0.123055
-0.142467
0.201679
0.029528
-0.017918
-0.174906
0.181770
0.203224
-0.118215
-0.151064
0.018738
0.012717
0.124939
-0.068507
-0.102122
-0.003760
-0.016548
0.145295
0.032675
-0.055558
-0.111310
-0.134951
-0.131948
0.044810
-0.072995
-0.059627
0.187314
0.067851
-0.207490
-0.092253
0.076628
0.040555
-0.008930
0.105723
0.167348
-0.025981
-0.002651
0.200249
-0.007713
-0.067116
-0.077910
-0.032340
-0.170207
0.143786
0.069329
0.088699
-0.190376
0.130137
-0.169024
0.178032
0.178601
0.134599
0.139795
-0.190056
-0.074815
0.043208
0.231791
0.086449
0.100532
0.136839
0.188323
0.056717
-0.320696
0.141524
-0.019559
0.183604
0.156649
-0.106174
0.080436
0.340312
0.053507
-0.011364
0.153589
-0.183400
0.117303
-0.108032
0.155961
0.028469
0.092995
-0.204495
0.146840
-0.096330
0.076964
0.011336
0.189095
0.300939
0.203709
0.096328
-0.148002
0.210923
-0.055687
-0.001749
0.079318
0.287133
0.170596
0.016534
0.011787
0.081856
-0.136442
-0.171047
-0.099089
0.287831
-0.110337
0.070744
0.085939
0.033710
-0.230699
-0.117457
0.199312
-0.136654
0.083203
0.108076
0.069928
0.143431
-0.316037
-0.075713
0.102590
-0.003033
0.082727
0.139892
-0.092162
0.185050
0.069745
0.077633
-0.042502
-0.101253
-0.069254
-0.171281
0.042373
0.052011
0.177669
-0.024769
0.099054
-0.158792
0.039694
-0.033642
-0.082139
-0.158402
0.165904
-0.206491
0.058897
0.284887
-0.190771
-0.131909
-0.107116
0.144593
0.246321
0.203333
0.006442
-0.191779
-0.063678
0.176846
-0.142781
-0.100527
-0.232654
0.166608
0.183420
-0.011112
0.229539
-0.123409
-0.124172
-0.192078
0.052204
-0.145444
-0.155573
0.108036
-0.014708
0.069357
0.114833
-0.201556
0.279176
-0.278170
0.141149
-0.046150
-0.040622
-0.181444
-0.243762
-0.115753
-0.133376
0.026686
0.109908
-0.246811
0.099899
0.133938
-0.003847
0.028620
-0.077981
0.208962
-0.092171
0.215746
-0.230784
-0.002026
0.042828
0.194734
0.109900
0.031090
-0.061981
0.134910
-0.060036
0.120595
-0.055690
-0.197931
-0.139996
-0.039432
-0.144446
0.085674
0.093729
-0.370728
0.272035
-0.168912
-0.026041
-0.061207
-0.148658
-0.001094
0.216148
-0.040724
-0.103736
-0.256317
-0.110775
0.200101
0.059132
0.225904
0.036497
0.084061
0.172933
0.241732
0.030631
-0.038258
-0.064942
0.059853
0.144927
-0.078986
0.117602
0.118049
0.174035
-0.088729
-0.048045
-0.026364
0.049873
0.241904
-0.044787
-0.032881
-0.056411
-0.080957
0.192404
-0.330551
0.024256
0.013804
0.113247
-0.045157
0.140514
0.095517
-0.092521
0.023526
-0.060731
0.064742
-0.125374
0.193215
0.137284
-0.016083
0.049695
-0.266459
-0.129458
-0.031108
-0.125293
-0.176462
-0.137920
-0.032110
0.171076
-0.126110
0.256291
-0.026877
0.066961
-0.061604
-0.010501
0.140686
-0.091118
0.194030
-0.187139
-0.140783
0.056278
0.017140
-0.012532
0.258716
-0.051380
0.122055
0.200921
-0.282544
-0.062276
-0.285058
-0.046307
-0.113367
-0.269758
0.211167
0.033389
-0.131884
0.144945
0.094479
-0.052230
0.010875
0.024184
-0.127595
-0.054241
-0.058980
0.104067
0.139659
-0.198309
-0.063418
-0.087677
-0.123300
-0.193804
-0.011774
-0.039360
-0.194018
-0.217983
0.097320
-0.002923
0.050339
-0.112054
0.042814
0.256073
0.083017
0.077548
-0.149375
-0.284184
-0.003350
-0.243067
-0.139832
0.079425
0.240369
-0.291966
0.171561
0.321751
0.023325
-0.002145
0.025759
0.334021
0.162471
-0.077761
0.066873
-0.196101
0.099228
0.216811
0.084704
0.022001
-0.032588
0.005114
0.009896
0.210730
-0.108166
-0.154915
0.249378
0.157825
0.162536
-0.217050
-0.145464
-0.091776
-0.157565
-0.037034
-0.052048
-0.157591
0.111591
0.031827
0.079026
-0.304628
-0.079118
0.109962
0.094846
0.162750
0.167922
-0.067579
-0.023601
0.157283
0.068944
0.104061
-0.067546
-0.035790
0.097551
-0.156160
-0.205023
-0.033589
0.078466
-0.087822
-0.019926
0.160765
0.100705
-0.330873
0.295571
-0.171318
0.158001
-0.061191
-0.142284
0.208642
0.108942
-0.245391
-0.266645
-0.246495
-0.211869
0.014695
0.118386
-0.020823
0.014128
0.063858
-0.052157
-0.035683
-0.040615
0.171681
-0.132795
0.079685
-0.380025
0.215644
0.143020
0.019590
-0.060307
-0.151455
-0.248032
0.248606
0.091258
-0.020731
-0.075958
0.293467
0.116747
0.140481
-0.171703
0.030881
0.121654
-0.124224
0.063557
0.041753
0.004905
0.196505
0.163660
0.048208
0.290248
-0.052691
-0.003521
0.093778
0.191200
0.028243
-0.092787
0.001529
-0.054776
-0.263664
-0.079100
0.048334
0.036415
0.020354
0.017736
0.126661
-0.216372
-0.120124
0.009294
-0.013656
-0.259106
-0.046415
0.001258
-0.177387
0.162137
-0.034315
0.207120
0.053367
0.022349
-0.203065
0.079054
0.097696
0.139649
-0.112593
-0.067772
0.277438
0.053012
-0.163735
0.047159
-0.114967
-0.290538
-0.052732
-0.013791
0.220555
-0.226023
-0.026676
0.095677
0.176208
-0.276393
0.018259
0.049216
0.033273
0.080547
-0.090057
0.243305
-0.271170
-0.100286
-0.293299
-0.096665
0.006725
0.138445
0.070941
0.236850
-0.057484
0.070777
0.004102
0.002604
0.028565
0.206815
0.078337
-0.001912
0.010910
0.169926
0.132081
-0.145532
0.132633
-0.261711
-0.029292
-0.082560
-0.033912
0.052701
-0.005809
0.199019
0.006745
0.008533
0.005323
-0.014383
-0.083164
0.066934
-0.199387
-0.148588
-0.225262
0.271950
-0.086491
-0.159550
0.301449
0.021427
-0.000138
-0.175177
0.003237
0.225942
-0.048441
-0.048949
0.195774
0.137428
0.163651
0.048974
0.147259
-0.029374
0.190807
-0.112582
0.133448
-0.187163
0.254700
-0.045391
-0.226495
0.110658
0.159096
-0.001407
-0.023767
-0.001244
-0.195273
0.004185
0.118536
-0.074010
0.139976
-0.243149
0.050429
0.097456
-0.117911
-0.159036
0.268726
-0.137516
-0.050656
-0.124314
-0.121912
0.065543
0.017835
0.065743
-0.104635
0.015556
0.026666
-0.002598
-0.182452
-0.163577
0.037370
-0.331551
-0.274813
0.057099
0.063621
-0.059811
-0.193872
-0.173262
-0.176547
-0.244524
-0.384310
0.029680
-0.197094
0.015314
-0.152288
-0.080785
-0.142877
0.058021
0.025225
-0.009359
-0.165202
0.191382
-0.069588
-0.150948
0.061167
0.267160
-0.175811
-0.132089
-0.139068
-0.063048
-0.101002
-0.079824
0.349328
0.002376
-0.116824
0.034566
-0.282403
-0.032846
-0.040034
0.133287
0.264239
0.107219
-0.184416
0.202132
-0.173736
-0.025368
0.003264
-0.405365
0.040818
-0.121246
0.179536
0.235932
-0.188710
0.109051
-0.054485
0.243377
-0.015990
0.062137
0.051984
0.123846
-0.164568
-0.119294
-0.162576
0.175658
0.141859
0.226036
-0.245514
-0.139134
-0.415408
-0.099435
-0.062845
0.040045
-0.033867
-0.082046
-0.358985
-0.198807
-0.236591
-0.067255
0.140776
-0.169007
0.065436
0.157117
-0.136361
0.044410
-0.041315
-0.199292
0.153843
0.177826
-0.002792
0.260557
-0.124964
-0.084388
-0.266344
0.165792
-0.234675
-0.092971
-0.161482
0.099098
0.055496
0.234255
0.054854
-0.167985
-0.079030
0.216729
0.262066
-0.030637
0.062615
-0.052773
0.087634
-0.142869
0.106062
-0.040575
0.001998
-0.093111
0.109596
0.054193
-0.052324
-0.025669
-0.188787
0.184127
0.191308
-0.259980
0.215515
0.335926
-0.191278
-0.151323
0.156901
-0.254573
-0.080536
-0.089892
-0.141116
-0.124592
0.251666
0.159834
0.089373
-0.082354
0.082106
0.206004
0.005477
0.056285
0.125421
0.020777
0.351559
0.003585
0.283409
-0.159087
0.035969
-0.161479
0.072682
0.166676
0.205137
0.140236
-0.083062
-0.075012
-0.113815
-0.075265
0.116723
-0.109000
0.005364
0.150227
-0.119398
-0.066613
0.131193
0.075388
0.109150
-0.170080
-0.151209
-0.080308
-0.150631
0.166290
-0.106179
0.046126
0.354902
0.114057
-0.017477
-0.056251
-0.176852
-0.004014
-0.067041
0.047639
-0.123095
-0.167169
-0.039758
-0.070435
-0.065552
0.030348
-0.005803
-0.328578
0.141115
0.262213
0.190498
-0.089098
-0.160351
-0.152597
-0.205116
0.145356
-0.287928
-0.171405
-0.131851
0.281565
-0.400127
-0.159362
0.228615
0.117098
0.012083
-0.111780
0.081442
-0.049885
0.145047
-0.254908
-0.101654
-0.036037
0.080647
0.033302
0.272592
-0.069119
0.270184
0.042267
-0.040452
-0.047743
-0.246699
0.003772
0.102789
0.119338
-0.149294
-0.167280
0.114482
-0.043092
-0.151113
-0.042209
0.216948
0.048445
-0.064879
0.044900
0.321137
0.056409
-0.024287
0.028814
0.129340
0.150763
-0.238173
0.055107
0.272867
0.077613
0.123165
0.011587
0.191463
0.046407
-0.061068
0.286888
-0.132720
0.006410
-0.080269
-0.310721
-0.011328
0.157328
-0.008036
-0.162960
0.025773
-0.152272
0.254354
0.114485
-0.191645
0.117204
0.173880
-0.021007
0.062689
-0.175285
-0.069253
0.001675
0.167629
-0.192615
0.025095
0.171574
-0.143996
0.160733
0.251618
-0.151216
0.058655
0.068673
-0.223358
0.027959
-0.109636
-0.097176
-0.090987
0.113861
0.093256
0.141931
-0.015774
0.004267
0.117116
0.190713
-0.156010
-0.243434
-0.131775
-0.214166
-0.055590
0.199487
-0.083585
0.153997
-0.051671
-0.195922
0.214713
-0.075661
-0.072152
0.121819
0.004737
0.213372
0.261626
0.097191
0.052579
0.041966
0.088270
-0.238559
-0.044442
-0.075177
-0.284218
-0.154382
0.178386
0.125766
0.049266
0.232559
0.081180
0.326457
0.157351
-0.033759
0.048185
0.057021
-0.069411
0.093437
-0.114902
-0.056058
0.235053
-0.017004
-0.162622
-0.020964
-0.124782
0.033515
0.121180
-0.071892
-0.001905
-0.120395
-0.024698
0.070325
0.083500
-0.028219
-0.063777
-0.058350
0.008149
-0.111703
0.128523
-0.247890
0.032818
-0.166771
-0.012792
-0.117005
-0.041949
0.033422
0.062506
-0.054890
-0.220481
-0.042683
-0.264677
-0.064026
-0.086699
-0.211628
-0.190899
-0.088521
0.068828
0.094930
0.051097
0.130719
0.140051
0.245653
0.118624
-0.036166
0.263682
0.165952
-0.030878
0.014595
-0.231665
0.214293
0.142753
0.051770
-0.205628
-0.311491
-0.162075
0.000827
0.073054
0.211860
0.044504
0.184014
-0.231777
0.046996
-0.144703
0.025950
-0.126904
-0.071667
-0.104851
0.153632
0.155389
0.044725
-0.013750
-0.203109
0.056489
0.131603
0.060192
0.046594
-0.178757
-0.210140
-0.256897
0.055992
0.061339
0.141327
0.253522
-0.118138
0.101605
0.163389
0.174710
0.068955
-0.056059
-0.049101
0.182316
-0.053266
-0.243808
0.049548
0.117486
-0.111910
-0.097792
0.221583
0.152701
0.001853
-0.064476
0.222543
0.065344
-0.059101
0.138086
0.244698
0.165185
0.038291
0.213153
-0.129570
0.159647
0.065459
0.134434
-0.193313
-0.094738
0.273380
-0.099129
-0.286263
-0.020004
-0.234003
-0.040104
0.017637
0.100467
-0.050922
-0.082846
0.115697
0.063549
-0.000881
-0.077581
-0.224094
0.036414
0.057424
0.227900
0.109180
-0.103356
-0.186034
0.185976
0.093455
0.018726
-0.183455
-0.187008
0.210418
-0.006219
-0.109936
0.111750
-0.053588
0.201041
0.233447
0.217600
0.224363
0.119027
0.111539
0.086397
0.115430
0.165593
-0.018993
0.078460
0.044501
0.130705
0.069608
0.049627
-0.002410
0.200229
0.237211
0.205550
0.145685
-0.073197
0.321637
-0.130992
-0.036042
0.100352
-0.001506
-0.291452
-0.083797
0.144793
-0.178410
0.340793
-0.050998
-0.184009
-0.066881
0.147021
0.015687
0.207864
0.069712
0.007976
0.092508
-0.184099
0.228520
-0.195743
0.083215
0.014739
0.196174
0.001617
-0.123793
0.175945
-0.185220
0.142593
-0.093962
0.172082
-0.045177
-0.027500
0.094543
-0.062117
-0.027367
-0.103277
0.261341
0.005350
-0.211495
0.124636
0.149246
-0.107045
0.101064
0.023035
-0.015813
0.094446
0.192717
-0.197826
0.325612
-0.000155
0.077102
0.045124
-0.038070
-0.175746
-0.008738
0.064751
-0.155095
-0.247443
0.118926
0.134785
0.072073
-0.095983
0.043832
0.017212
0.042695
-0.272494
0.194641
0.288667
-0.044711
-0.229211
0.055535
-0.225187
0.086001
-0.105277
0.117707
0.011644
0.001592
0.145303
0.064945
0.142970
-0.188860
-0.216741
0.104499
0.062291
-0.099569
0.062064
-0.141317
0.312013
-0.191999
-0.037689
0.124028
0.005404
0.022228
-0.118716
-0.000745
-0.249959
0.362951
-0.121420
-0.124819
0.085338
-0.207555
0.049580
-0.043376
-0.252324
0.164692
0.129368
-0.085122
-0.060832
0.197845
-0.215262
0.069553
0.046829
-0.096567
-0.053814
-0.108076
0.033480
0.034685
-0.183285
-0.191584
0.251642
-0.040093
0.273832
0.230341
-0.116352
0.002173
-0.004741
0.051721
-0.062185
-0.141523
-0.289571
-0.129211
0.186572
-0.131201
0.203085
-0.105766
-0.169237
0.082252
0.138638
-0.076869
0.165030
-0.119134
0.069410
0.067292
0.050798
-0.169627
-0.009004
0.027796
0.019277
-0.194248
-0.014155
-0.249279
-0.095297
-0.194071
-0.036328
0.104284
-0.070733
-0.079563
-0.070344
0.084543
0.048076
-0.360227
0.117224
-0.077834
-0.079549
-0.130991
0.190566
-0.083269
0.056927
-0.057474
-0.227248
0.230193
-0.238976
-0.092600
0.187883
0.219501
-0.032235
0.156908
-0.109702
-0.132647
-0.098817
-0.111598
-0.104471
-0.174027
-0.278669
0.294303
0.176990
-0.103060
0.238393
0.164016
0.150076
-0.031848
0.282592
-0.306307
0.075429
-0.011918
-0.076212
0.227655
-0.220617
-0.009097
0.058303
-0.020746
-0.010183
-0.197824
-0.069722
0.102256
-0.123743
-0.048319
0.090934
-0.230693
-0.112609
-0.169568
0.276999
-0.224702
0.108999
-0.012016
0.036476
-0.097480
-0.011817
-0.204923
0.102595
0.182461
0.084368
0.165189
-0.007513
0.197858
0.185424
0.127165
-0.003122
-0.087811
0.097622
0.436059
-0.206823
0.021610
-0.063891
0.030295
-0.034289
0.274580
0.116570
0.175051
0.021259
0.235742
-0.356201
0.069604
-0.100432
-0.197983
0.156922
0.152011
-0.194293
0.173907
0.025961
0.135044
0.174925
-0.037919
0.049542
-0.087628
-0.141959
0.046230
0.059242
-0.018752
0.053605
-0.212519
-0.029948
-0.147621
0.278845
-0.195634
-0.004721
-0.044959
0.068405
-0.132562
0.135968
0.143741
-0.222090
-0.245701
-0.117427
0.113940
0.096032
-0.091538
0.012284
-0.177479
-0.078596
-0.149195
-0.130300
-0.125613
-0.209241
0.213719
0.016897
0.121934
0.231056
0.222208
0.251297
0.007902
-0.083727
0.305586
0.182153
0.101114
0.025123
-0.129987
-0.009984
0.137518
-0.121737
0.100647
0.150028
0.071354
0.017744
-0.215480
0.138328
-0.069989
0.375650
0.188055
-0.333484
-0.123200
0.273756
0.047222
-0.057023
-0.248259
0.099313
0.120415
0.029487
0.039827
0.101641
0.135668
0.002158
-0.056745
0.040933
-0.106445
0.099474
-0.130998
0.317197
0.048561
-0.104418
-0.158947
0.020696
0.067521
-0.009902
0.032478
0.084527
0.008289
0.049427
0.090181
0.214626
0.019983
-0.040612
-0.180801
0.084925
0.009759
0.011621
-0.180358
-0.034902
0.101531
-0.181310
0.152614
-0.156886
0.005057
-0.012921
-0.362484
0.176706
0.145140
0.029338
-0.042264
-0.163374
0.103817
0.126870
0.051011
-0.080011
0.263895
-0.082764
0.248403
0.162777
-0.035868
-0.109447
0.111219
0.100743
-0.115903
0.051236
-0.081824
0.101797
0.141898
0.031057
-0.305037
0.063102
-0.155390
0.015460
-0.214195
-0.100484
0.127753
0.096593
-0.066374
-0.302922
-0.326290
0.099803
0.245929
-0.099091
0.170395
0.100626
-0.044387
0.097685
0.177223
-0.060508
0.087770
-0.210564
0.144695
0.089126
0.283470
0.146734
0.154416
0.110984
0.080357
0.127017
0.264600
0.075942
0.141585
0.192922
-0.094342
-0.084914
-0.104320
-0.411949
0.162497
-0.060593
0.171259
0.080454
0.092823
-0.218701
-0.039653
0.202945
0.110056
-0.097539
0.084308
0.119213
0.174190
-0.012616
-0.226365
-0.078999
0.142117
0.191850
0.270460
0.005091
0.161995
-0.087208
-0.079120
-0.241682
0.193845
-0.229214
-0.046968
-0.236974
0.008748
0.116958
0.145034
-0.009958
0.126627
0.043479
0.045597
-0.053472
0.193003
-0.137700
0.082928
0.058700
-0.103869
0.205064
0.017074
-0.096728
0.287288
-0.164270
0.016708
0.108013
-0.233988
0.196609
0.137516
-0.187249
-0.083539
0.184589
0.019259
-0.255423
-0.135072
-0.127482
0.183837
0.151098
0.261615
-0.121263
-0.098077
0.038997
0.075614
-0.154331
0.205524
-0.077691
-0.013096
0.075575
-0.027224
-0.038916
0.176354
-0.194304
0.099780
-0.089903
-0.094048
-0.111839
-0.029840
-0.079959
0.004440
-0.193909
0.109366
0.143473
-0.006526
0.030386
-0.049434
-0.377350
-0.106855
0.184715
0.218620
0.017992
-0.280029
-0.171934
0.108200
0.119538
0.016905
-0.231045
-0.132778
-0.230626
0.108493
-0.458132
-0.016565
-0.129268
0.046839
0.191763
-0.158698
0.114752
0.243389
0.039908
0.067745
-0.161059
0.007454
-0.128578
-0.064321
-0.167936
-0.257012
0.028368
-0.120738
0.210304
0.098873
0.121426
0.110266
-0.010351
0.124363
0.133001
0.187779
-0.259463
0.124779
0.265311
0.365159
0.256120
0.057663
-0.152206
0.116788
0.120228
-0.102402
0.171787
-0.215833
0.015314
-0.236196
-0.045914
-0.043872
0.181734
0.207428
-0.087304
-0.164424
0.121470
0.137863
0.062573
0.179506
0.247962
-0.266187
0.272119
0.084178
0.027681
0.126688
0.090135
-0.004420
0.066962
0.228521
-0.175325
0.176483
-0.089228
-0.350872
-0.021218
0.247441
-0.130757
-0.147660
-0.044581
-0.000559
0.120648
0.138253
-0.159710
0.373220
0.085524
-0.195265
-0.073465
0.086367
-0.047394
0.185599
0.067132
-0.126612
-0.029173
0.013589
0.051558
-0.034705
0.136355
-0.050529
0.115412
-0.291353
0.058607
0.025094
0.109758
-0.194528
0.227073
0.271441
-0.135790
-0.108880
-0.141886
-0.163059
0.041777
-0.028951
0.176706
0.030409
-0.039758
0.082737
-0.216896
-0.243042
0.179785
0.091403
0.211788
-0.120969
0.133399
-0.131477
0.058819
0.176819
0.141837
-0.034733
-0.133380
-0.062299
-0.184373
0.143603
-0.089752
0.133971
-0.141007
-0.143117
-0.185636
-0.065087
0.130537
0.052900
-0.122249
-0.149350
-0.034013
0.204244
0.015546
0.185423
0.186107
-0.110671
-0.076948
-0.221799
0.006092
0.159738
0.117078
0.003189
0.224322
-0.070263
0.127683
0.065176
0.151627
0.202055
-0.028270
-0.023633
0.117443
-0.023584
0.018166
-0.035529
0.095459
0.008572
0.058555
0.096326
-0.230302
-0.079936
0.049459
0.099167
-0.081146
-0.071060
0.386009
-0.171753
0.182616
0.059500
0.125140
0.121485
-0.107632
0.463863
-0.157944
0.280048
-0.092201
0.148899
0.184275
-0.124541
0.047845
-0.197988
0.037306
-0.051152
0.015626
-0.012589
-0.185117
-0.127108
-0.022364
-0.283767
-0.074669
0.220765
-0.104874
-0.208997
-0.112822
0.094393
0.088244
-0.140777
-0.094427
-0.259934
-0.044027
0.055892
0.222006
-0.332592
-0.102327
-0.087254
0.280153
0.131708
-0.138130
-0.206258
0.204371
0.067752
0.048876
-0.010603
0.080504
0.130082
0.063984
0.164728
0.296488
0.050894
-0.209254
-0.148259
0.111568
-0.134082
0.204789
-0.055357
0.089868
-0.253528
0.047583
-0.038224
0.123663
0.239439
-0.013957
0.116301
0.266359
-0.161991
-0.032113
-0.034316
-0.003619
-0.217605
0.160779
-0.103600
-0.115958
0.183035
-0.017399
0.074592
0.205737
0.098844
-0.072477
-0.047788
-0.095533
-0.027927
0.030083
-0.087859
0.094195
0.188960
0.088291
0.080274
0.243054
0.046847
0.200424
0.060155
0.113377
-0.362633
0.138141
0.184236
0.278209
-0.110512
-0.084155
0.097738
0.208835
0.042067
0.101632
-0.213873
-0.128853
0.067301
-0.170935
-0.059785
-0.137039
-0.134239
0.300096
0.030713
-0.032047
-0.025549
0.127743
-0.068903
0.077146
-0.128290
-0.383513
-0.132648
0.183009
0.081322
-0.182093
-0.017304
-0.086011
-0.364237
-0.069875
-0.321720
-0.093721
0.294703
0.157812
0.086981
0.085125
-0.058666
-0.184879
-0.118575
-0.122188
0.065920
0.221270
0.042341
0.253806
-0.154403
0.002987
0.049653
0.198517
0.041977
0.257881
0.001839
-0.155162
0.180829
-0.266671
-0.087840
-0.017022
-0.160920
0.053005
-0.077335
-0.070251
0.315108
0.010970
-0.005594
-0.062094
-0.184038
0.086068
0.116805
-0.009204
-0.037208
0.010114
-0.028628
-0.095675
-0.178312
-0.006697
-0.163778
-0.295085
0.046647
-0.165382
0.186295
-0.088151
0.242110
-0.030097
-0.370769
-0.074168
0.180852
-0.131483
-0.176368
0.148359
0.178779
-0.073760
0.072555
0.323564
-0.020046
0.264119
0.277078
-0.161656
-0.053438
-0.074053
0.415773
0.010846
0.222193
0.152201
0.328989
0.147544
-0.021295
0.116688
-0.026602
-0.340031
-0.046472
-0.230012
0.143013
0.191535
-0.139600
-0.224651
-0.221134
0.106413
0.057461
-0.239516
-0.014106
0.168224
0.108119
0.298359
0.093626
0.146341
-0.023056
0.065998
-0.154754
-0.000046
0.005561
-0.015862
0.025775
-0.067735
-0.178730
0.003956
0.101712
0.019324
-0.106122
0.278462
0.110866
-0.072947
0.280998
-0.220653
-0.027774
0.236170
-0.254988
0.088441
0.052242
-0.131139
0.231667
0.033004
-0.382170
0.131616
0.099786
-0.179090
-0.169411
-0.169258
0.126913
-0.149208
-0.082127
0.165376
-0.098236
-0.166118
-0.150985
-0.024533
0.051721
-0.187545
0.153726
0.202122
-0.137023
0.140089
-0.031648
0.110652
-0.253439
-0.199679
-0.261484
-0.028683
0.077363
-0.141513
0.003038
-0.029364
-0.050177
-0.040775
-0.149995
0.289373
-0.086243
-0.085369
-0.199963
-0.020997
-0.010612
0.137760
0.005075
0.172015
0.059486
0.034503
0.108611
-0.039479
0.197955
0.239442
0.244667
-0.049909
0.168721
0.100190
0.139429
-0.119659
0.103850
0.015236
0.246214
-0.185827
0.306167
0.244158
-0.252054
-0.105660
0.100534
0.000965
-0.145163
-0.205013
-0.214337
0.036497
0.176399
0.163558
0.129218
0.129275
-0.069051
-0.056843
0.253663
0.070340
0.105668
-0.016392
0.237383
0.296234
-0.017555
0.081529
-0.133551
-0.040820
-0.118029
0.172437
0.153204
-0.138432
0.032827
0.086756
-0.231692
-0.014250
0.067455
-0.157649
-0.001180
-0.212790
-0.037742
-0.077600
-0.034199
0.063671
-0.257941
-0.042693
-0.144629
0.079790
0.098676
-0.171886
-0.049380
0.048949
0.053693
0.102946
0.026690
-0.252142
0.217541
0.018339
0.354195
0.056136
0.132989
0.073191
0.062666
-0.132509
0.096501
-0.128479
-0.075215
0.180741
0.308276
-0.159957
-0.193339
-0.038336
0.095970
0.137451
-0.106514
0.006318
0.144364
-0.131322
-0.033969
-0.174028
-0.060899
-0.125285
0.223241
-0.019607
0.126731
0.080677
-0.196851
-0.046340
-0.109056
-0.080591
-0.132639
0.081230
-0.054620
-0.010136
-0.056483
-0.131789
0.045045
0.222923
-0.298788
-0.002641
-0.161213
-0.089711
0.180848
0.124095
-0.266748
0.200273
-0.064585
0.077308
-0.249971
0.091660
0.176944
0.033749
0.112471
-0.020200
0.130722
-0.211896
0.097901
-0.176237
-0.027057
-0.151091
-0.374262
0.045175
0.210762
0.157568
0.055831
-0.256016
0.067769
-0.213648
-0.198400
-0.164555
0.082666
0.061211
0.138070
-0.103559
-0.235853
-0.118317
-0.000316
0.127356
0.042097
-0.017814
0.042772
-0.085118
-0.041944
-0.018610
0.122049
0.024990
0.056165
-0.171876
0.151058
0.331657
-0.055038
0.137397
-0.050575
-0.215719
-0.248267
-0.163649
-0.005929
0.119544
-0.016307
0.048887
-0.273635
0.138712
-0.083582
-0.166682
-0.115112
-0.031972
-0.200955
0.214392
-0.119483
-0.025516
-0.127522
0.269894
0.051325
0.186821
0.296929
0.121972
0.459893
0.175453
-0.141955
-0.078547
0.230551
0.055540
-0.111172
0.144476
0.096030
-0.107052
0.159045
-0.124457
0.011921
0.104361
-0.156456
-0.065345
0.085260
0.086268
0.065475
-0.257465
-0.353748
-0.065540
-0.050756
-0.180887
0.001780
0.272081
0.071167
0.062036
-0.098670
0.023358
0.010121
0.245892
0.078992
-0.062826
0.053182
-0.025747
-0.020724
0.150985
0.147742
0.107395
-0.013446
0.059925
0.153179
-0.102123
-0.077461
-0.068411
-0.122523
0.148451
0.213284
0.209107
-0.140078
0.061007
-0.000067
-0.237407
-0.221291
-0.180941
0.128822
0.141252
0.018158
-0.193256
0.251449
0.108899
-0.204036
-0.131808
-0.121201
0.196339
-0.057751
-0.140298
-0.062768
0.300718
-0.004906
-0.123490
0.004577
0.142620
0.081178
0.210051
-0.168264
-0.110031
-0.174890
0.154213
0.038797
0.119531
0.144092
0.078693
0.081034
0.086572
-0.084132
-0.077985
-0.017973
0.242391
-0.040878
-0.130000
-0.186147
0.146134
-0.000722
-0.193279
0.045408
0.113700
0.178556
0.158253
-0.181880
0.174199
-0.055259
-0.064663
-0.079068
0.114109
0.070238
-0.041564
0.117754
0.295230
-0.067657
0.049061
-0.000946
0.074940
-0.091083
0.147019
0.172286
0.052227
0.011506
-0.133259
-0.018792
-0.047163
0.124542
0.215207
0.154595
-0.054062
-0.063601
0.106180
0.049758
-0.027597
-0.224839
-0.053737
-0.284233
0.120102
-0.293081
0.064462
-0.158826
-0.093271
-0.054203
-0.013079
0.231203
-0.050388
-0.116411
0.124660
-0.001442
0.129575
0.151236
-0.196216
-0.221881
-0.182279
-0.169246
-0.022435
0.052076
-0.151271
-0.266737
0.214479
0.184022
-0.164471
-0.076605
-0.094709
-0.174062
0.106025
-0.262448
0.125248
0.195063
0.082646
-0.069576
-0.242547
0.084518
-0.161406
0.111273
-0.088057
0.009417
-0.038835
0.091401
0.161641
0.135712
-0.174264
0.020212
0.104585
-0.237218
0.016307
0.241350
-0.122692
0.161333
0.151553
-0.368687
-0.080077
0.059482
0.224007
-0.146379
-0.222829
0.045294
-0.033866
-0.038049
0.159953
0.075316
0.118859
0.032371
-0.059124
0.007366
-0.087340
-0.073148
-0.030639
0.255113
0.021748
0.067157
-0.115444
0.001737
0.154153
-0.111383
0.138260
0.044518
-0.045866
-0.029935
-0.217369
-0.208979
0.048786
-0.022571
-0.285613
-0.158648
-0.006828
-0.241935
-0.063490
-0.213989
-0.086828
-0.165434
0.213684
-0.284925
0.186127
-0.120180
-0.045850
0.267349
0.015695
0.120083
0.242966
0.047721
0.055715
0.161893
0.189352
0.054103
-0.165827
-0.179895
-0.218191
-0.014196
-0.214990
0.121887
-0.013529
-0.014417
-0.114088
0.030075
-0.085673
0.003987
-0.145863
0.001067
0.148888
-0.108581
0.115109
0.296225
0.055667
0.069160
-0.085329
0.221134
0.060426
0.222991
-0.234001
0.026218
-0.031467
0.341365
-0.267740
-0.090666
-0.126839
-0.180622
-0.208464
0.021240
0.110604
-0.266646
-0.034605
0.130728
0.171782
0.171644
0.145535
0.054859
0.162766
0.066301
0.116705
0.120195
-0.218814
0.007786
-0.166517
0.168906
0.207782
-0.010322
0.113516
-0.249344
0.052107
-0.163120
-0.031547
-0.133069
-0.090724
-0.200408
-0.027359
-0.009805
0.184367
-0.041217
0.041507
0.242106
-0.213188
0.157763
0.240105
-0.208343
0.152197
0.094359
0.102499
0.144975
-0.246393
0.042975
-0.397878
-0.285667
-0.248511
-0.018740
-0.304149
-0.037830
-0.050140
0.159223
0.039600
-0.199131
0.059862
-0.029081
-0.084794
-0.183458
0.086906
0.109761
0.032506
0.016309
-0.139486
-0.025356
0.150166
0.012471
-0.005839
0.151053
-0.159233
-0.018776
0.020097
-0.166007
-0.139655
-0.043794
-0.111760
0.053971
-0.262805
0.172920
-0.130136
-0.108059
0.028161
-0.218672
0.009513
-0.082068
-0.069003
-0.106889
-0.249503
-0.086520
-0.062194
0.183019
-0.000349
0.028752
-0.174904
-0.151022
-0.187095
-0.127169
0.077125
0.108211
-0.011392
-0.107171
0.021771
-0.067087
0.010386
-0.095911
-0.053533
0.151336
0.140835
0.124836
0.075204
0.084350
-0.192186
0.047614
-0.106080
-0.003562
0.199148
0.352884
-0.179665
0.002107
-0.059166
-0.129215
0.022125
0.043585
-0.070611
-0.077071
-0.077398
0.037008
-0.075100
-0.171199
0.158520
0.014715
-0.167859
-0.040308
0.244693
-0.134630
-0.055662
-0.086285
0.028078
0.169663
0.237757
-0.071070
-0.137326
0.009287
-0.129434
0.073341
-0.143575
0.210033
0.119792
0.186750
0.296045
-0.213016
-0.215014
-0.030389
-0.240637
-0.263840
-0.034920
-0.151974
0.352791
-0.030293
-0.071505
0.057717
0.155900
0.056475
0.047366
-0.168664
0.146470
0.258759
0.035794
0.057255
0.018689
0.111931
-0.090410
0.119439
0.014873
0.019427
-0.292732
0.235156
-0.115423
-0.044971
-0.108208
-0.106814
0.027587
-0.233114
-0.050225
0.094258
0.070060
-0.117738
0.021770
0.074545
-0.067077
0.141007
0.007339
-0.197620
-0.045911
-0.063425
0.078982
-0.370551
0.101330
0.021167
-0.249717
-0.200243
0.013374
-0.199321
-0.011801
-0.101415
0.025438
0.082043
-0.038406
0.117764
-0.131133
0.192469
-0.050697
0.032020
-0.033121
0.030216
0.204642
0.188792
-0.093099
-0.026852
0.276936
-0.175230
-0.192178
0.100574
-0.274619
0.163097
0.017928
-0.134147
-0.110357
-0.044603
-0.083062
0.101487
-0.090479
-0.056912
0.073629
0.352463
0.116519
0.089547
0.037501
0.145042
-0.016288
-0.042163
-0.141942
-0.165633
0.285533
-0.098678
0.090101
0.150751
0.109669
0.024395
-0.081217
-0.185662
-0.019832
0.092965
0.149646
0.154681
-0.091938
-0.025129
0.156698
-0.146088
-0.130976
0.026341
-0.009700
0.192611
-0.257007
-0.074334
0.056657
-0.177149
-0.228777
0.065294
0.092206
-0.113218
0.046565
-0.195002
0.091902
0.183268
0.236573
-0.013386
-0.022547
0.138117
-0.294899
0.056389
0.146060
0.061191
0.115864
0.076083
-0.008531
0.151868
0.008123
-0.016267
-0.176216
-0.003841
-0.300569
-0.001857
-0.148164
0.033471
0.081740
0.234057
-0.094922
0.192467
0.070904
0.054115
-0.102118
0.108203
0.146156
0.076049
0.246895
0.214968
0.129775
0.055996
-0.181271
-0.067920
-0.107262
0.065546
0.098460
-0.135867
0.111544
-0.100279
-0.065636
-0.172855
-0.073306
0.309427
-0.112224
-0.228191
-0.094437
-0.207038
-0.134880
-0.204525
-0.021838
-0.132888
-0.084570
0.167501
-0.057874
-0.205489
0.136804
0.095287
-0.035922
0.079590
0.069144
-0.086157
-0.015303
0.092865
0.264945
-0.431706
-0.070405
-0.145470
-0.193943
0.054555
-0.042613
-0.179721
-0.134107
0.160274
-0.066577
0.056156
-0.096808
-0.218542
-0.112990
0.080666
-0.210544
0.136589
-0.111439
0.040032
-0.071622
-0.203474
0.151136
0.207270
0.019527
0.012081
-0.235987
0.035810
-0.199961
0.026043
-0.191575
0.039733
-0.186834
0.153518
0.068859
0.151543
-0.201505
-0.036258
0.094843
-0.002814
0.082090
0.153479
0.027373
-0.019814
0.066578
-0.077785
-0.276564
-0.274034
-0.014115
-0.067967
0.187346
-0.142413
0.238069
-0.084684
0.276719
0.032053
0.161266
0.031264
0.210725
0.220638
-0.073547
0.035678
-0.127259
-0.163209
0.085981
-0.086112
0.027572
-0.052118
0.093646
0.062593
-0.219395
0.267393
0.138164
-0.107317
0.084822
-0.164498
-0.062532
0.164865
0.096376
-0.126012
-0.003955
0.003531
-0.137768
-0.187627
0.050796
-0.021935
-0.043663
0.128713
-0.131344
-0.115699
-0.181523
0.040630
0.044898
-0.118498
0.035869
-0.173900
-0.185221
0.183008
-0.019129
-0.225413
0.205882
-0.185344
0.071837
0.111211
0.312475
0.100997
-0.087973
0.119133
-0.261205
0.022483
0.065430
0.019846
0.114655
0.197523
0.216017
0.307372
-0.145631
-0.059375
0.063354
-0.040207
-0.131894
0.208063
-0.147935
-0.093059
-0.102143
-0.212468
-0.199268
-0.086181
0.003572
-0.118430
0.121196
-0.027396
0.028048
0.045542
0.071145
0.221195
-0.110425
-0.175536
-0.116282
-0.008302
-0.122628
-0.192021
-0.211522
-0.357518
-0.025608
0.145883
0.092847
0.077445
0.010925
-0.118712
0.215820
-0.240675
0.116046
-0.165073
-0.029257
-0.100729
0.084238
0.043112
-0.097913
-0.023337
-0.157835
-0.094992
0.190640
0.093978
-0.044710
-0.202998
-0.038420
0.046799
0.167524
-0.085455
-0.006771
-0.092570
-0.202699
0.186898
0.186070
-0.169769
0.102692
0.158991
-0.414674
-0.042457
-0.089457
0.005959
-0.067944
-0.281732
-0.129995
-0.163716
0.072028
-0.089741
0.184177
-0.153318
-0.070072
0.087484
0.082367
0.042971
0.080155
0.094095
0.123665
0.257554
-0.237923
0.147703
0.008890
0.145362
-0.065331
-0.026026
-0.101739
0.041947
-0.177942
0.104451
0.107366
-0.012663
0.133534
-0.082819
0.180010
0.062360
-0.071584
-0.208674
0.227296
-0.264804
0.119902
-0.228241
0.009123
0.092706
-0.060817
-0.147660
-0.057195
0.246848
0.209697
0.045389
0.196994
-0.142407
-0.120035
0.177020
-0.305382
-0.060519
0.222491
-0.108012
-0.053216
-0.086570
-0.159723
0.208416
-0.066349
-0.209224
0.114980
0.054778
0.138469
0.425038
0.161787
0.058049
-0.169822
0.061050
-0.204732
-0.068010
0.128346
-0.206729
0.096212
0.015270
0.002876
-0.109850
0.049907
-0.231946
-0.054002
-0.000548
-0.126389
0.119392
0.004531
0.423358
0.301163
0.052631
-0.087723
-0.011744
0.015898
0.096071
0.045073
-0.116324
0.181362
-0.087724
0.018094
-0.069215
0.134953
-0.068423
-0.131831
-0.065678
-0.016218
0.142943
-0.120938
-0.084947
-0.097354
0.051325
0.205486
0.058766
0.292581
0.139323
-0.163683
-0.007120
0.006344
0.232791
0.007482
-0.219134
0.165632
0.129387
-0.302291
-0.145890
-0.033603
-0.068719
-0.074440
-0.055171
-0.001301
0.198852
-0.277079
-0.091849
0.000244
-0.088618
-0.053377
-0.134644
-0.000303
-0.228479
0.025600
0.337855
-0.185900
-0.261879
0.196528
-0.217383
-0.119572
-0.000774
0.164341
0.071947
0.008971
0.024056
-0.193359
-0.140708
0.221467
0.334523
0.123993
-0.232198
-0.194972
-0.038336
-0.057841
-0.079077
0.140086
-0.069736
-0.204564
-0.052185
0.383573
-0.192769
-0.064060
0.024761
-0.118107
-0.157859
0.024520
-0.042470
-0.109742
-0.399431
-0.348879
-0.050041
0.186092
-0.004430
0.131446
0.338966
-0.239843
-0.129439
0.055841
0.052399
0.359985
0.148099
0.256897
-0.010038
-0.235210
0.143416
0.056660
-0.248506
0.148913
0.100646
0.041000
0.049827
0.042032
0.184870
0.024984
-0.028475
-0.134047
0.034662
-0.356940
0.013897
0.022904
-0.144593
0.234297
-0.240388
0.077199
-0.015684
-0.300693
0.215909
-0.246707
-0.094838
0.085741
0.069471
-0.023948
0.153555
0.076127
-0.284446
0.106661
0.140736
-0.035973
-0.252339
0.240634
0.140567
0.205711
0.197117
-0.166189
0.106424
0.010210
-0.107995
0.196864
0.316025
-0.308229
-0.028585
0.163222
0.079373
-0.009218
-0.008204
-0.149786
0.153699
0.021908
0.063848
-0.260797
-0.114087
0.154045
-0.039373
0.089310
-0.024868
0.102910
-0.249540
0.028261
0.002055
0.343988
-0.053474
-0.109437
0.349124
0.105850
0.299433
0.189801
-0.230153
-0.080366
0.107063
-0.059161
-0.196931
0.350425
-0.090583
0.386657
-0.105231
0.130916
-0.341872
0.096003
-0.211123
0.067347
0.163017
-0.170642
0.060030
0.227834
0.144096
0.086904
-0.058515
0.020005
0.200587
-0.353280
0.007950
0.004305
0.338004
0.285170
0.155803
0.054694
-0.281104
-0.167105
-0.069999
0.033289
-0.043721
0.238932
0.096913
-0.061289
0.081971
-0.048223
0.369952
0.121289
0.028309
0.370497
-0.005565
-0.090840
-0.069048
-0.196193
0.253450
0.302507
-0.129017
0.128983
-0.047944
-0.111671
0.136229
0.357748
-0.064388
0.082841
-0.185978
-0.020287
-0.044311
0.270029
0.023242
