0.008440
-0.020752
-0.044993
-0.030270
-0.019772
-0.056583
0.089486
-0.058769
-0.048330
0.013181
-0.001881
-0.064339
-0.008625
-0.005471
-0.035529
0.074639
-0.099990
0.077526
-0.026042
-0.073809
0.028728
0.047255
-0.007536
0.034510
-0.092214
-0.018282
0.082260
0.050165
-0.011300
-0.004404
-0.089580
-0.036478
0.020394
-0.017587
0.006149
-0.013620
-0.015434
-0.068601
0.024974
-0.049652
0.041056
-0.074564
0.053828
-0.008867
-0.061594
-0.120169
-0.130825
-0.063971
-0.034860
-0.035186
-0.093373
0.010964
0.060997
-0.067276
0.022434
-0.021489
-0.122651
-0.114528
0.015697
-0.012081
-0.062468
-0.005657
0.000087
0.007824
0.102194
0.115331
-0.004055
0.006952
-0.019494
0.092491
0.021868
-0.060572
-0.052687
-0.084450
0.031405
0.119960
-0.002391
0.121256
0.032321
0.018040
0.043049
0.001003
-0.032925
0.050552
0.111667
0.060151
0.043774
0.037787
-0.095273
0.017830
-0.074373
0.068848
-0.030856
0.008209
-0.097543
-0.056254
-0.117031
0.077248
-0.061809
-0.094863
0.022020
-0.061001
-0.055381
-0.033308
0.043324
-0.019763
0.039352
-0.087189
0.121813
0.046566
0.052234
0.012119
0.011317
-0.021126
0.009152
0.022503
0.060081
0.010842
-0.141643
-0.129253
