0.014554
0.004807
-0.075168
0.257891
-0.019300
-0.152369
-0.157311
-0.022578
0.270722
-0.125602
0.110585
0.032879
-0.165360
0.111773
-0.079120
0.111691
-0.032538
-0.098583
-0.035702
-0.047092
-0.095749
-0.040496
-0.147999
-0.016484
-0.091408
0.116963
-0.088776
0.055064
0.124771
0.034670
-0.282578
0.231612
0.073722
-0.229718
-0.001695
0.082001
0.174302
-0.243108
-0.122706
0.065976
-0.059105
0.112971
0.052620
-0.013987
-0.108928
-0.098163
-0.096743
-0.098610
0.018334
0.139420
0.071987
-0.008097
0.021467
0.182142
0.096067
0.049265
-0.083257
-0.020236
0.055128
-0.124716
0.196681
-0.058781
0.076400
-0.188722
0.118626
0.027413
-0.165206
-0.007871
-0.164434
0.262734
-0.163724
-0.019467
0.247426
-0.055168
-0.139109
0.090266
0.193214
0.104308
-0.129288
0.232554
0.011654
0.014987
-0.087641
-0.027408
-0.199964
0.241353
0.000680
-0.003868
0.069806
0.061040
-0.075292
-0.037708
0.057590
0.095925
0.087389
0.033573
-0.013055
-0.081718
-0.045043
-0.053289
-0.002908
-0.011775
0.094556
0.089133
-0.021299
-0.070960
0.089045
-0.015336
0.024052
0.160736
0.099540
0.058481
0.010028
-0.112436
-0.056422
-0.087166
-0.006761
-0.050060
-0.000100
0.124830
-0.014638
0.134978
-0.087311
0.052435
-0.257395
-0.050099
-0.144736
-0.031440
0.207027
-0.109483
0.183447
-0.136021
0.029668
-0.227619
0.096221
0.024197
-0.018783
-0.005184
0.178076
0.044080
-0.290039
0.062003
-0.021103
-0.133439
-0.142712
0.156742
-0.027898
0.064040
-0.009253
0.173919
0.049429
-0.063108
0.050979
-0.032284
-0.121035
0.011505
0.181401
-0.104533
-0.090518
-0.082370
-0.312652
-0.008555
-0.318913
0.205856
-0.104442
0.320087
-0.173425
0.101993
0.083725
-0.038059
-0.155550
-0.031369
0.273241
0.050641
0.087713
0.253578
-0.048405
-0.041442
-0.194135
0.046089
-0.136604
0.282735
-0.008686
0.130318
0.036886
-0.031075
-0.287550
-0.056678
0.022370
0.102181
-0.088710
0.331771
0.208207
-0.150073
-0.070475
-0.035157
-0.003862
0.109313
-0.016676
-0.045563
0.055914
-0.096316
0.352236
0.056088
-0.011181
0.057718
0.296269
0.114569
0.019772
0.027975
0.230643
-0.166268
0.022814
-0.265852
-0.048030
-0.124250
-0.110296
0.085105
0.165210
-0.044250
-0.236491
-0.144476
-0.047109
-0.054608
0.124389
0.054833
0.250940
-0.195702
0.071610
-0.150342
0.055227
-0.127181
0.147800
0.000096
0.178071
0.044622
-0.102760
-0.045145
-0.020677
-0.113043
-0.250163
-0.007448
-0.070975
0.269755
-0.190220
0.184637
-0.174528
0.173520
0.022136
0.026962
-0.276196
-0.115396
0.215261
0.016821
-0.148763
-0.028117
0.088795
-0.209269
-0.307300
0.091405
-0.304752
0.159478
-0.135111
0.179297
-0.007462
0.021982
0.042035
0.003982
0.006402
0.064109
-0.025153
-0.023330
-0.114269
-0.345976
-0.234410
0.158427
-0.186185
0.053248
-0.068294
0.120985
0.034329
0.024720
-0.129496
-0.020874
0.024969
0.069460
0.117143
0.051425
-0.004393
-0.079724
-0.316737
0.112173
-0.184734
-0.024488
-0.147772
-0.033518
0.076913
-0.052016
0.199668
0.060350
0.177233
-0.151432
0.356740
0.259084
0.046410
0.038598
0.251291
-0.218083
0.210061
-0.016314
0.100325
-0.071320
0.056782
-0.017166
0.007065
-0.029212
-0.205921
-0.097128
-0.056054
-0.020905
0.036309
0.060329
-0.006718
-0.163495
0.209565
0.009928
0.182411
0.085990
-0.001973
0.010541
-0.223066
0.021017
0.049126
-0.043380
0.002275
0.057331
-0.089634
-0.148238
-0.153214
0.385331
-0.148111
-0.017565
-0.195126
0.182748
-0.090226
-0.087865
-0.240226
0.050250
0.137587
0.030712
-0.024278
-0.119342
0.031614
0.271836
-0.015723
0.102481
-0.172308
-0.147105
-0.188833
-0.233382
-0.021900
0.048082
0.625295
0.076675
-0.017353
-0.016372
0.007497
-0.155972
0.206549
-0.075155
-0.200030
0.159216
-0.249149
0.087313
-0.037904
0.158464
0.116669
-0.052041
0.124409
0.099125
0.013953
0.034321
-0.032586
-0.054301
-0.027295
0.145759
-0.216505
-0.254410
-0.122203
-0.120039
-0.110805
0.052695
0.282903
0.150516
-0.170469
-0.124876
0.245028
0.032139
0.122290
0.001746
0.002372
0.001135
0.120820
-0.123461
0.228116
0.103181
0.225292
0.135475
-0.098579
0.044394
-0.129096
0.020647
-0.109163
0.008557
-0.136978
0.118127
0.178197
0.165212
0.009062
-0.188554
-0.052599
0.065359
0.071328
0.193587
0.018847
-0.057110
-0.139536
-0.017734
0.147182
-0.055874
0.000440
0.131917
0.004125
-0.068898
-0.134218
0.373142
-0.105379
-0.153818
-0.084033
0.059374
-0.145838
0.047724
0.040103
0.053562
0.048236
0.327274
-0.142625
-0.224233
-0.347888
0.021768
-0.029336
-0.073296
0.044928
0.015025
-0.046724
-0.403301
0.077916
-0.022179
0.005920
0.138673
-0.240956
-0.266233
0.038144
-0.164317
-0.050675
-0.099009
-0.137477
0.246285
-0.190290
-0.114538
-0.073253
-0.154760
-0.049742
-0.059842
0.221528
0.057798
-0.188536
-0.081251
0.008973
-0.146105
0.017004
-0.124588
0.065803
0.232706
0.097047
-0.051358
-0.121195
0.070263
-0.177156
0.203399
-0.026324
-0.050052
-0.127510
-0.020230
0.077311
-0.211834
-0.024136
-0.067926
0.066918
-0.206507
-0.069228
-0.025045
-0.006578
0.031429
-0.008737
0.019337
-0.087849
0.084478
0.231305
0.054079
-0.170411
0.319838
-0.045948
-0.073626
-0.009009
-0.008284
-0.091346
-0.189385
0.084040
0.082209
-0.099170
0.082729
0.021615
0.185734
0.132567
-0.063674
-0.186780
0.240885
-0.063704
-0.006900
-0.064469
-0.086502
0.097138
0.008020
0.055335
-0.047035
0.058349
0.013178
0.106470
-0.122900
-0.021438
-0.028964
0.077206
-0.342028
-0.010658
0.257064
0.017526
0.091291
-0.169212
0.154405
-0.041304
-0.164227
0.273132
0.151527
-0.142890
-0.048327
0.087225
0.229588
0.107452
-0.081023
0.041398
-0.180898
-0.179632
0.063113
-0.032152
0.064530
-0.084034
0.156295
0.168645
0.050743
-0.135467
-0.047230
-0.203874
0.027436
0.097269
-0.017079
0.387698
-0.311693
0.325587
-0.051728
0.122329
-0.147088
0.267374
0.103521
-0.056297
0.042040
0.217339
-0.086232
-0.322265
-0.035785
0.235082
-0.238221
0.132423
0.094500
-0.157153
-0.009743
-0.111311
-0.148007
-0.105270
-0.010804
-0.077562
-0.109216
0.058001
0.189510
0.169506
-0.064756
-0.182918
0.301874
0.113402
0.118124
-0.010873
-0.206311
0.109137
-0.163042
-0.095101
-0.077993
-0.094096
-0.021441
0.070161
-0.025653
-0.016355
-0.050867
-0.082290
-0.098722
-0.025341
-0.019794
-0.060635
-0.024372
0.051972
0.086102
-0.021188
-0.083793
0.027232
0.011464
-0.196460
-0.058163
0.063451
0.182468
0.085136
-0.222515
-0.149669
-0.228370
-0.076086
0.168247
-0.061584
0.085667
0.145479
0.045154
0.036928
0.008028
-0.083113
0.005080
-0.050720
0.123095
0.124227
0.463175
0.071181
-0.311445
-0.155326
0.127948
-0.194086
0.079308
-0.066173
-0.007920
0.059967
0.135943
-0.262629
-0.010647
-0.242999
0.078441
0.170264
0.207978
0.419095
0.100494
0.336540
-0.196388
0.278662
-0.110002
0.125510
-0.127665
0.084738
-0.092467
0.383870
0.094886
-0.261973
-0.194900
0.121321
0.072609
-0.008019
0.126235
-0.122951
-0.108461
-0.034089
-0.157202
0.013583
-0.090710
0.018775
-0.096417
-0.025947
-0.024838
0.240516
0.068609
-0.121074
-0.098389
-0.086923
0.255726
-0.018391
-0.082923
0.052716
-0.116974
-0.108961
-0.129695
0.022593
0.051960
0.101256
-0.171859
0.094435
0.153029
-0.190047
-0.347127
-0.152042
-0.249709
-0.040272
0.284129
0.058332
0.177958
-0.033211
0.149084
-0.022238
0.070790
-0.217214
-0.099385
0.020155
0.010837
0.036247
0.141579
0.401343
-0.267159
-0.101339
0.095171
-0.189644
0.018710
0.260700
0.327585
0.079644
-0.229144
0.298100
0.280071
-0.155136
-0.162935
0.328869
0.394537
0.193492
-0.640442
-0.118564
0.118475
-0.199339
0.102058
0.101565
0.205810
0.034388
-0.084770
-0.088126
0.019905
-0.197108
-0.036573
0.200218
0.305029
-0.220615
0.030988
0.226620
-0.377060
0.089314
0.306204
0.256800
0.155166
0.198621
-0.194032
-0.041558
-0.020325
-0.087118
-0.254844
0.151438
0.194226
0.048495
0.013927
-0.062176
0.133674
0.079353
-0.234054
-0.099827
-0.136711
0.029426
0.087524
-0.040128
-0.056301
0.099618
0.227396
-0.152734
-0.161488
-0.078580
-0.043111
0.063390
0.044834
0.042212
-0.049066
-0.069030
0.086908
-0.042194
0.145845
-0.146790
-0.097851
0.058757
0.264562
-0.089559
-0.189215
-0.014391
-0.106448
-0.073081
0.084944
-0.107599
0.088300
-0.018763
0.047952
0.012576
-0.072418
-0.009781
0.013898
0.033962
0.048284
-0.000074
0.089805
0.010917
0.516268
0.184709
-0.136662
-0.159184
0.010371
0.170276
-0.320134
0.181129
-0.181717
0.443303
0.018374
-0.111364
-0.417331
0.280870
-0.001844
0.293999
-0.232535
-0.061815
-0.015899
-0.261962
0.076634
0.027466
0.172061
0.150890
-0.096853
0.093590
0.165839
-0.071566
-0.273108
0.165112
0.131658
0.072340
0.129577
0.129785
-0.290255
-0.140606
0.295753
0.222867
0.322708
0.120132
0.078088
-0.308445
-0.013651
0.298903
-0.013913
0.094964
0.230431
0.116849
-0.064075
-0.116013
0.225239
0.084634
-0.063719
-0.040696
-0.086867
0.072599
0.008993
-0.218541
0.053947
0.130571
0.217809
-0.154501
-0.124547
0.118394
0.086380
-0.146973
0.035431
0.051058
0.078597
-0.086994
0.058285
0.076339
0.080683
-0.053384
-0.038546
0.139660
0.180514
-0.071079
0.084872
0.107674
0.080087
-0.072830
-0.030802
-0.029068
0.008137
-0.068026
-0.044901
0.015986
0.054228
0.221013
-0.046039
-0.181275
-0.151218
-0.084490
-0.037093
-0.297472
0.033129
0.016546
-0.206536
-0.021401
0.031260
0.078439
-0.186199
0.023572
0.034246
-0.028603
0.107025
-0.025687
-0.209271
0.050796
0.059682
0.048692
-0.047592
0.056199
0.052644
0.015234
-0.073350
0.129228
-0.151681
0.085122
0.114639
0.096867
0.110036
-0.108549
-0.383774
0.064261
0.069155
-0.117404
-0.291215
0.123659
-0.178845
0.038925
-0.230753
0.004656
0.002299
-0.328489
0.346544
0.269439
-0.034323
-0.145349
-0.181940
-0.280192
0.069038
0.120767
-0.010893
-0.000509
0.087157
-0.078624
0.033227
0.092653
0.033390
0.096124
-0.240733
-0.081947
0.114453
0.129328
0.065115
-0.016497
0.169274
0.039846
-0.134120
-0.040948
-0.066995
-0.094065
-0.234000
0.019747
0.060893
0.108391
-0.310643
0.072494
0.064326
0.063983
0.008898
-0.005647
0.200859
-0.034709
0.011424
-0.110452
0.086336
0.045502
0.192903
-0.007538
-0.035595
-0.101352
0.180405
0.095929
-0.181463
-0.092920
-0.161516
0.068247
-0.352726
0.083470
0.109582
-0.021685
-0.038674
0.174425
0.110927
-0.022138
-0.075443
-0.256890
0.352535
-0.124572
0.025243
-0.083019
-0.078920
0.037736
-0.206233
0.068608
-0.207714
-0.049283
-0.039520
0.013158
-0.018114
-0.039424
0.191805
-0.073245
0.295189
-0.039201
-0.024756
-0.232596
-0.114532
0.059548
-0.108643
0.200473
-0.049594
0.323866
-0.521655
0.152351
-0.375342
0.073802
0.166445
-0.056675
0.191900
0.211495
0.015166
-0.058524
-0.244816
-0.324281
-0.496546
0.100119
0.003830
0.050689
0.229904
-0.043027
-0.050970
-0.014127
0.049389
0.020417
-0.430581
-0.039790
0.157229
0.078183
0.013607
0.251975
0.266830
0.018344
0.285773
-0.091556
-0.018925
-0.035004
-0.024006
0.026863
-0.014092
-0.031473
-0.171989
0.020748
0.180142
0.258275
0.131743
0.037669
0.144168
-0.009063
-0.054996
0.007942
0.078258
0.057987
0.136004
-0.050171
-0.010083
-0.024219
0.281269
-0.237761
-0.312999
-0.073847
-0.075269
-0.154623
-0.262645
0.128106
-0.367463
0.279474
-0.108092
0.211403
-0.062528
0.045518
0.223918
0.180696
0.050496
-0.051349
-0.023849
-0.220077
-0.102582
-0.032248
0.038275
0.091357
-0.279776
0.037550
-0.017850
0.026540
0.057711
-0.046526
0.092946
-0.029571
0.289320
-0.160356
-0.144826
-0.278505
-0.168793
0.042339
-0.208017
-0.112195
0.471425
0.345475
-0.301091
0.464439
-0.419763
-0.089635
-0.302598
-0.085276
0.162818
0.066031
-0.289026
0.218908
0.132373
-0.247700
-0.466879
-0.033446
-0.097079
-0.059203
0.250396
-0.199552
0.139372
0.035949
0.010971
0.098917
-0.257349
0.051655
0.358771
0.196341
0.138601
0.335247
0.226063
-0.129936
0.173030
-0.078818
0.039239
-0.088323
-0.073132
-0.155071
-0.140860
-0.064664
-0.078822
-0.040790
0.089294
0.315134
0.114121
-0.003344
-0.040805
-0.013904
-0.184966
0.158285
-0.151981
0.212067
0.043062
-0.032330
0.118028
-0.096262
0.230875
-0.060664
-0.111086
-0.187094
0.023692
-0.189447
-0.151169
0.272622
0.021948
0.143827
-0.159240
0.091870
-0.124191
0.116500
0.249017
0.127158
-0.219393
0.310461
-0.007639
-0.258055
-0.265344
0.172425
0.368369
0.312074
-0.445105
0.087059
-0.011725
0.056806
-0.047069
0.047437
0.312726
0.043177
-0.014396
0.049748
-0.199966
-0.328870
-0.154560
-0.098497
0.126497
-0.276602
-0.281410
0.084249
-0.080349
0.300383
-0.109778
-0.082175
0.140895
-0.106614
0.066732
-0.342399
-0.499872
0.381351
0.440966
0.005837
-0.051846
0.072297
-0.011273
-0.082419
0.306682
-0.237715
0.076266
0.094780
0.067559
0.115357
-0.089374
-0.079687
0.360988
0.075789
0.055885
0.131216
-0.020140
0.119393
-0.053283
-0.130215
0.114645
0.022353
-0.052661
-0.110956
0.030051
0.127629
0.005541
-0.259255
0.040055
0.155413
0.104640
-0.073564
-0.172475
0.026709
-0.003736
0.218308
-0.253331
-0.017780
0.017521
0.089513
-0.040294
0.003787
0.032626
0.066385
-0.165268
-0.300088
-0.088303
-0.238005
0.227708
-0.218857
0.250168
-0.019773
-0.029533
-0.246854
0.241401
-0.039926
-0.468310
-0.132788
0.047394
0.343835
-0.054564
0.002568
-0.102226
0.210281
0.080976
0.151539
-0.000731
0.063775
-0.026019
-0.149587
0.061013
0.053428
0.148726
-0.049189
-0.069098
0.239570
-0.060293
-0.111960
-0.301568
0.114562
0.111591
0.199924
-0.272358
-0.261664
0.156566
0.083018
0.069758
-0.244110
0.362258
-0.140253
0.179541
-0.173921
-0.273589
0.563803
0.613920
-0.006222
-0.033215
0.044592
-0.189350
-0.087674
-0.055691
0.002960
0.120218
0.114804
-0.065614
0.172172
-0.023691
0.050368
0.339978
-0.194482
-0.109455
-0.041184
-0.230668
-0.005523
-0.075415
-0.101881
0.048038
0.233959
-0.099548
0.059943
-0.006529
0.117199
-0.168424
-0.099947
0.029039
-0.053306
-0.120343
-0.040592
-0.302743
-0.131328
0.187657
0.142951
-0.087147
-0.004335
-0.126899
0.084934
-0.109730
-0.109162
-0.022121
0.135743
-0.109524
-0.047599
0.126227
-0.113434
0.246112
-0.076241
-0.111742
0.052828
0.138113
-0.260834
0.027628
-0.108229
-0.076482
-0.119256
0.248022
-0.178386
0.219842
0.149041
0.062890
0.261661
0.300324
-0.102543
-0.062469
-0.071084
-0.127717
-0.147265
-0.023584
-0.036781
0.050903
-0.117990
0.042911
0.049473
-0.064473
0.099725
-0.105891
0.063921
0.146738
0.097027
-0.188709
0.294321
-0.204287
0.027072
-0.695248
-0.000863
0.086199
-0.046936
-0.371684
0.125125
0.213227
0.074455
0.057566
-0.147673
0.362755
0.027978
-0.093638
-0.208438
0.172416
-0.119841
0.431790
0.057974
0.092300
-0.168979
-0.067340
-0.040829
0.010511
0.063680
-0.097617
0.176620
-0.210538
0.005662
0.086199
-0.026464
0.224843
0.035955
0.273123
0.121033
0.093739
0.158234
-0.203131
-0.107671
-0.110820
0.131659
0.060430
-0.033218
-0.064071
-0.045378
0.038848
-0.123740
-0.131214
0.051802
-0.047005
-0.007421
-0.134307
0.082192
0.155342
-0.022025
-0.091429
-0.189329
0.079977
-0.224522
0.040466
0.034502
-0.209013
0.059826
-0.258230
0.080220
-0.172101
-0.125771
0.072392
-0.167514
0.472132
0.164857
0.066953
0.166337
-0.132117
-0.070930
-0.138794
0.279895
-0.119823
0.001298
-0.203293
-0.073430
-0.208517
-0.147872
0.041222
-0.106623
0.398529
0.173429
0.168593
-0.106524
-0.015057
-0.123992
-0.067718
0.109711
0.271522
-0.142334
-0.140197
-0.188496
-0.356432
-0.056007
-0.005800
-0.018646
-0.386818
0.140598
0.156959
0.464570
0.208440
0.067979
-0.115390
-0.011408
0.048392
-0.094294
0.388122
-0.076788
0.325056
0.004971
0.108047
-0.058747
-0.193515
0.021898
-0.126967
-0.215171
-0.112504
0.087112
0.092603
-0.095407
0.258039
0.054525
0.300608
-0.149780
0.183761
0.125130
-0.072379
-0.070998
-0.025904
-0.119085
-0.003908
-0.008835
-0.069744
0.227662
0.170996
0.040349
0.042833
0.044530
-0.322338
0.085683
-0.306129
-0.143293
0.051395
-0.094301
0.385170
0.061407
-0.179785
0.005697
0.171542
-0.343586
-0.153019
0.060456
-0.341502
0.047102
-0.368772
0.264227
-0.201962
-0.061395
0.365602
0.177413
0.005203
-0.016750
-0.005972
0.144699
-0.029725
-0.002473
-0.202421
-0.020732
-0.311901
0.164458
-0.221013
0.176099
-0.315384
-0.058327
0.234380
-0.065302
0.171684
-0.056217
0.105556
-0.043624
0.031830
-0.029635
-0.089348
-0.377758
0.195725
-0.169161
0.122054
-0.017602
-0.126486
-0.126574
-0.438956
0.085758
-0.040334
-0.072775
-0.030491
0.817268
0.592626
-0.108689
-0.368023
0.013969
0.030238
-0.015046
0.279810
-0.315003
0.411500
0.206117
-0.065638
-0.126518
-0.010288
0.036084
0.143745
-0.369418
-0.373762
0.216632
0.041613
-0.017672
0.094997
-0.119656
0.240740
-0.287273
0.185756
0.123744
-0.207560
-0.060727
0.130845
0.040097
0.320908
-0.167612
-0.068452
0.168617
-0.056047
0.031018
-0.000930
0.023739
-0.439389
0.365459
-0.368268
-0.111375
0.091378
-0.002720
0.162892
0.034121
-0.338090
-0.031098
0.203806
-0.322912
-0.116875
0.061484
0.303366
0.054809
-0.135822
0.235727
-0.214725
-0.166415
0.048356
0.129750
-0.129830
0.196842
-0.391876
0.095658
0.180766
-0.001101
0.081139
0.149560
-0.149733
0.001594
-0.165672
0.281816
-0.265259
0.128661
0.458292
0.163153
-0.000613
0.107201
-0.139759
-0.055308
0.022284
-0.012221
-0.025192
-0.092415
-0.598476
-0.151133
0.225515
0.309960
-0.118055
-0.144581
0.296549
0.255255
-0.058918
-0.334947
0.199908
0.455429
0.622059
-0.159206
-0.394033
0.083828
-0.048029
0.075861
0.040737
-0.405278
0.219564
0.139138
0.020355
-0.150355
0.118318
0.020361
0.283906
-0.275039
-0.309677
0.289730
0.074331
0.058895
0.099735
-0.066001
0.004045
-0.110378
0.176435
0.125534
0.012954
0.037157
0.031189
-0.214027
0.375573
-0.222432
-0.110439
0.099874
-0.008041
0.005096
0.010130
0.146591
-0.216004
0.315618
-0.340758
-0.201945
-0.048070
-0.011512
0.014494
0.148796
-0.694771
0.184986
0.155618
-0.282064
-0.139203
-0.180734
0.047701
0.011191
0.274823
0.168071
-0.199756
-0.061681
-0.424157
-0.216774
0.286666
0.252918
-0.247955
0.163503
0.099515
0.058307
-0.191470
0.007230
-0.052286
-0.028170
-0.075894
0.109542
-0.153276
-0.019879
-0.041684
-0.122224
0.007126
0.156148
-0.245977
0.038665
0.004717
-0.017063
0.017189
0.325356
-0.197273
-0.047279
-0.018293
0.147123
-0.083699
-0.158474
0.119284
0.094206
-0.179370
0.053231
-0.028148
-0.133194
0.301516
-0.250892
-0.328419
0.017147
0.002603
-0.017551
-0.132373
-0.185642
0.148342
0.089605
0.120849
0.022752
-0.101552
0.038993
0.232726
-0.119287
-0.312207
-0.021430
0.019552
0.063727
-0.072934
-0.066035
-0.157188
0.095723
0.110134
0.056591
-0.036102
-0.127928
-0.141190
-0.009620
0.208058
-0.074412
-0.120116
-0.223994
0.083271
-0.032256
0.165146
-0.059457
0.090020
0.117614
-0.188809
-0.099229
-0.104639
-0.143215
0.097028
0.068539
-0.611802
0.305107
0.272385
-0.063582
-0.068403
0.061412
0.068607
-0.163885
0.044723
-0.265609
-0.215492
0.004037
-0.088731
0.004859
0.227535
0.006612
-0.208341
-0.304464
-0.137846
0.477409
0.112265
0.070898
-0.093892
-0.029929
0.190200
-0.118847
-0.175345
-0.048803
0.051684
-0.073513
0.240367
0.079383
-0.230067
0.121904
0.029523
-0.019286
0.073960
0.050258
-0.007233
-0.060466
0.196138
-0.234963
0.389329
0.096557
0.234539
0.327414
-0.574017
-0.027666
-0.188317
0.262306
-0.014952
0.305122
0.108144
0.067862
-0.167321
-0.111057
-0.122423
-0.090690
0.164813
-0.028848
-0.019828
-0.175549
0.156027
0.042027
0.024329
-0.071324
-0.193282
-0.068450
0.030867
-0.008798
0.011395
-0.097779
-0.041394
0.072566
0.124570
0.040387
0.081019
-0.015773
-0.063639
-0.128223
0.028324
0.033350
-0.109083
-0.129434
0.038570
0.164202
0.143141
0.236241
-0.060811
0.010833
-0.275412
-0.078809
-0.139631
-0.046175
-0.106753
0.004864
0.069576
-0.077108
0.232651
0.016261
0.124055
0.125592
-0.102988
0.014445
0.020644
-0.031040
0.027050
-0.017374
0.008193
-0.054364
0.173998
-0.030312
0.100276
0.136522
0.045036
0.208329
-0.263695
0.112864
-0.139300
0.036044
0.072936
-0.077950
-0.182592
0.024400
0.251993
-0.056658
0.115291
0.207584
0.167025
0.233944
0.052057
0.213872
0.011793
-0.068515
0.504792
-0.038124
0.290649
-0.442721
0.470030
0.122407
-0.081122
0.014269
-0.347068
-0.013376
0.131031
0.009304
0.096715
0.445154
0.129424
0.069384
0.027333
-0.149256
-0.128966
0.103617
-0.136875
0.015408
0.023866
0.056141
0.061152
0.096381
-0.118786
-0.109717
-0.049062
-0.135650
0.071845
-0.015927
0.024774
-0.151965
0.048454
0.014024
-0.093375
0.035261
-0.146056
0.118141
0.028707
0.006942
-0.266201
-0.146081
-0.135133
0.006380
0.116776
0.144175
-0.142847
0.117011
-0.025523
0.107876
-0.263614
-0.177825
0.033011
-0.047953
0.092159
-0.145450
0.000367
0.107622
0.338953
-0.035833
0.003045
0.035152
-0.030360
0.011173
0.067618
-0.071213
0.141549
-0.031017
0.324796
-0.146426
-0.398604
-0.042418
0.131113
0.093350
0.072862
-0.023783
-0.040222
0.057726
-0.257542
0.140500
0.150182
-0.093386
-0.085493
0.048609
0.244908
-0.029234
-0.050621
-0.063476
0.132270
0.067793
0.014373
-0.017312
-0.083537
-0.173625
-0.004352
0.007683
0.289854
-0.316394
0.547409
0.289486
-0.269670
-0.179682
0.181409
-0.097851
0.384621
-0.110284
-0.131794
0.115995
-0.294744
0.094573
-0.052344
-0.111338
-0.033759
0.061817
-0.232460
-0.149033
-0.119506
0.130873
0.168471
0.035632
-0.197658
-0.228843
-0.001202
0.002486
0.136173
-0.025592
-0.085762
-0.076210
0.053647
-0.127860
-0.124550
0.103726
-0.145916
-0.038641
0.116446
0.084843
-0.249970
-0.203525
-0.016489
0.097472
0.014048
-0.059422
-0.141160
0.064050
-0.008951
0.118857
0.013399
0.031464
0.168890
0.087167
0.031279
-0.002943
0.226036
0.205258
0.193244
-0.274241
0.027441
-0.075517
0.256564
0.119018
0.011329
0.240832
-0.170911
-0.106416
-0.223874
0.001740
-0.017195
-0.067770
0.019707
0.053961
0.195893
-0.202386
-0.098005
0.090796
0.074681
0.165967
-0.039022
0.116104
-0.101593
0.098512
0.272591
-0.138760
-0.239812
-0.026476
0.096276
0.208618
0.181449
0.053251
-0.011012
0.044224
-0.237826
-0.081503
-0.155676
-0.148831
0.409195
0.215398
0.450501
0.190784
-0.190229
-0.286631
0.420579
-0.247006
-0.250665
-0.113764
-0.106019
-0.083230
-0.002680
-0.189801
-0.094250
-0.234110
-0.194861
-0.109698
-0.044797
0.054701
0.138616
0.016052
-0.161607
-0.012180
0.050920
0.228160
-0.055556
-0.049687
-0.154357
-0.174879
0.012489
-0.268411
-0.068730
-0.093704
-0.033388
-0.111860
0.117768
-0.107594
-0.170789
-0.106813
0.003390
0.183629
0.008292
0.077080
0.161021
0.117994
0.117462
0.169139
-0.112521
0.082106
0.068499
0.019371
-0.047872
-0.158903
0.045208
0.114663
0.293959
-0.341512
-0.080242
-0.062851
-0.024542
0.127397
0.100691
0.248281
-0.094713
-0.095954
-0.328768
-0.039759
0.121780
0.093202
0.004926
0.000550
0.052926
0.001413
0.059224
-0.155083
-0.011072
0.090847
0.088580
0.249125
-0.103564
-0.005341
-0.042127
0.014280
0.193615
0.126302
0.138953
0.094744
-0.033916
-0.232781
-0.130928
0.020914
-0.185298
0.123474
-0.260781
0.299781
0.301584
0.119972
0.079075
0.208233
-0.344274
0.092736
0.229726
0.001285
0.028494
-0.241586
-0.088181
-0.057052
-0.149317
-0.145054
-0.018226
-0.197356
-0.133567
-0.136597
0.148885
-0.070748
0.157465
-0.071020
0.075722
-0.087515
-0.066913
0.062446
0.030001
-0.121022
-0.090917
-0.017895
0.021364
-0.058976
0.048979
-0.045966
0.119170
-0.082284
-0.058634
0.006625
0.046343
-0.087996
-0.132727
-0.088361
-0.056844
-0.002221
0.011837
0.105143
0.061689
0.146926
0.021709
0.170155
-0.138028
0.004117
0.029832
0.006727
-0.065904
0.147599
0.036534
-0.040753
0.077517
0.116067
-0.122512
0.046343
-0.022822
-0.141834
-0.053379
0.015194
-0.038100
0.086787
0.068634
0.104408
-0.132368
-0.176178
0.048252
0.293777
0.021601
0.000646
0.006588
0.183195
0.006656
0.008437
-0.082902
0.054948
-0.092924
-0.012834
0.186040
0.017661
-0.147487
0.010246
0.035857
0.074761
-0.042963
