-0.176575
-0.115967
-0.008389
0.362584
-0.001470
0.313598
-0.125123
-0.035939
0.033160
0.164143
-0.027307
0.289176
0.325985
-0.347943
0.001120
0.210216
0.203882
-0.018031
0.549711
-0.142445
-0.058725
0.346906
0.358579
0.138296
0.549405
-0.428216
-0.295643
0.366238
0.231391
-0.162974
0.025073
-0.024122
0.013968
-0.176679
-0.018592
0.041356
0.069857
-0.233064
-0.048707
-0.155854
-0.052062
0.000652
0.360093
-0.296084
-0.248253
0.020586
-0.001128
-0.072062
0.691046
0.048968
-0.038201
-0.063596
0.174995
-0.336121
0.416827
-0.146900
-0.199930
-0.056284
-0.020341
-0.232783
-0.208555
0.126543
0.214403
-0.446287
-0.189814
0.117905
0.134136
0.032300
-0.109104
-0.690554
0.249716
-0.117991
0.374731
-0.027822
0.221641
-0.766911
0.072338
-0.309207
0.085626
0.187767
0.441897
-0.578524
-0.530720
-0.636431
-0.138154
-0.086479
0.127456
-0.457842
-0.557064
-0.291544
-0.246192
0.332345
0.098656
-0.094906
0.180881
0.212069
-0.223663
0.436562
-0.112952
-0.454600
0.201381
-0.138473
0.045574
0.391399
0.319188
-0.396154
-0.120327
-0.624896
-0.197142
0.331800
0.537365
-0.330468
-0.370264
-0.452331
-0.225689
0.161087
0.329324
-0.015941
-0.549378
-0.191854
-0.042863
0.172574
-0.314703
-0.018998
0.384030
0.331689
-0.160462
0.301660
-0.240250
0.268237
0.280184
-0.180858
-0.340906
0.367559
-0.083176
0.224375
-0.047543
-0.419058
-0.125208
0.253769
0.210575
0.105062
-0.431133
-0.340524
-0.474484
0.090837
-0.055645
0.006803
-0.239636
0.063671
